5605 5767 5686 5714 5795 5633 27694 27856 28099 2132 1889
5605 5767 6010 16435 16840 16030 1772 1934 1610 1601 2573
5605 5767 6010 16425 16830 16020 1762 1924 1519 2184 1941
5605 5767 5686 5714 5795 5633 27646 27808 28051 2160 2565
5605 5767 5686 5714 5795 5633 27694 27856 28099 2131 2536
5605 5767 6010 16425 16830 16020 1735 1897 1816 1815 2544
5605 5767 5686 5714 5795 5633 27694 27856 28099 2114 2519
5605 5767 5686 5714 5795 5633 27694 27856 28099 2122 2527
5605 5767 6010 16425 16830 16020 1729 1891 1810 1782 2511
5605 5767 6010 16425 16830 16020 1756 1918 1513 1476 2529
5605 5767 5686 5714 5795 5633 27694 27856 28099 2114 1871
5605 5767 5686 5714 5795 5633 27646 27808 28051 2162 2567
5605 5767 6010 16425 16830 16020 1762 1924 1519 2184 2589
5605 5767 6010 16425 16830 16020 1729 1891 1810 1782 1863
5605 5767 6010 16435 16840 16030 1739 1901 1577 2216 1892
5605 5767 6010 16425 16830 16020 1735 1897 1492 1509 1914
5605 5767 6010 16435 16840 16030 1739 1901 1577 1541 2513
5605 5767 6010 16435 16840 16030 1739 1901 1577 1559 2531
5605 5767 6010 16435 16840 16030 1739 1901 1577 1541 1865
5605 5767 5686 5714 5795 5633 27694 27856 28099 2130 1887
5605 5767 6010 16435 16840 16030 1745 1907 1583 2240 1916
5605 5767 6010 16425 16830 16020 1762 2572
5605 5767 6010 16425 16830 16020 1729 1891 1486 2151 2556
5605 5767 6010 16435 16840 16030 1745 1907 1583 2222 1898
5605 5767 5686 5714 5795 5633 27694 27856 28099 2112 2517
5605 5767 6010 16425 16830 16020 1708 2518
5605 5767 6010 16435 16840 16030 1739 1901 1577 2234 2558
5605 5767 5686 5714 5795 5633 27694 27856 28099 2112 1869
5605 5767 6010 16425 16830 16020 1756 2566
5605 5767 6010 16425 16830 16020 1729 1891 1810 2457 1890
5605 5767 5686 5714 5795 5633 27646 27808 28051 2178 1935
5605 5767 6010 16425 16182 15993 1702 2512
5605 5767 6010 16435 16840 16030 1739 1901 1496 1477 2530
5605 5767 6010 16435 16840 16030 1772 1934 1529 1537 2590
5605 5767 5686 5714 5795 5633 27646 27808 28051 2180 1937
5605 5767 6010 16435 16840 16030 1766 2576
5605 5767 6010 16425 16830 16020 1735 1897 1816 1815 1896
5605 5767 6010 16435 16840 16030 1745 1907 1583 2240 2564
5605 5767 6010 16425 16830 16020 1762 1924 1519 2175 2580
5605 5767 5686 5714 5795 5633 27694 27856 28099 2132 2537
5605 5767 6010 16435 16840 16030 1772 2582
5605 5767 6010 16425 16830 16020 1729 1891 1810 2457 2538
5605 5767 6010 16435 16840 16030 1739 1901 1577 1559 1883
5605 5767 5686 5714 5795 5633 27646 27808 28051 2169 2574
5605 5767 5686 5714 5795 5633 27646 27808 28051 2178 2583
5605 5767 6010 16435 16840 16030 1739 1901 1577 2216 2540
5605 5767 6010 16425 16830 16020 1735 1897 1492 1509 2562
5605 5767 6010 16425 16830 16020 1729 1891 1486 1467 2520
5605 5767 5686 5714 5795 5633 27646 27808 28051 2160 1917
5605 5767 5686 5714 5795 5633 27646 27808 28051 2180 2585
5605 5767 6010 16435 16192 16003 1712 2522
5605 5767 6010 16435 16840 16030 1739 1901 1577 2234 1910
5605 5767 5686 5714 5795 5633 27694 27856 28099 2130 2535
5605 5767 5686 5714 5795 5633 27694 27856 28099 2121 2526
5605 5767 5686 5714 5795 5633 27646 27808 28051 2162 1919
5605 5767 6010 16425 16830 16020 1756 1918 1513 1476 1881
5605 5767 6010 16435 16840 16030 1772 1934 1853 1852 2581
5605 5767 6010 16435 16840 16030 1772 1934 1610 1619 1943
5605 5767 6010 16425 16830 16020 1762 1924 1843 2490 1923
5605 5767 6010 16435 16840 16030 1745 1907 1583 2222 2546
5605 5767 6010 16435 16840 16030 1718 2528
5605 5767 5686 5714 5795 5633 27646 27808 28051 2170 2575
5605 5767 6010 16435 16840 16030 1772 1934 1610 1601 1925
5605 5767 6010 16435 16840 16030 1772 1934 1610 1619 2591
5605 5767 5686 5714 5795 5633 27646 27808 28051 2179 2584
5605 5767 6010 16425 16830 16020 1762 1924 1843 2490 2571
5605 5767 6010 16425 16830 16020 1729 1891 1486 2151 1908
5605 5767 6010 16435 16840 16030 1739 1901 1820 1792 2521
5605 5767 5443 5479 5803 5641 4310 4472 4148 4805 4481
5605 5767 5443 5479 5803 5641 4364 4526 4202 4193 5165
5605 5767 5686 5712 5793 5631 4354 4516 4111 4128 4533
5605 5767 5686 5712 5793 5631 4348 4510 4429 5076 5157
5605 5767 5443 5479 5803 5641 4310 4472 4067 4723 5128
5605 5767 5686 5712 5793 5631 4327 4489 4408 5055 5136
5605 5767 5443 5479 5803 5641 4310 4472 4148 4787 5111
5605 5767 5443 5479 5803 5641 4310 4472 4391 5038 5119
5605 5767 5686 5712 5793 5631 4294 4456 4375 5022 5103
5605 5767 5686 5712 5793 5631 4294 4456 4051 4716 5121
5605 5767 5443 5479 5803 5641 4310 4472 4148 4787 4463
5605 5767 5443 5479 5803 5641 4358 4520 4196 4187 5159
5605 5767 5686 5712 5793 5631 4354 4516 4111 4128 5181
5605 5767 5686 5712 5793 5631 4294 4456 4375 5022 4455
5605 5767 5443 5479 5803 5641 4331 4493 4169 4808 4484
5605 5767 5686 5712 5793 5631 4327 4489 4084 4749 4506
5605 5767 5443 5479 5803 5641 4304 4466 4142 4133 5105
5605 5767 5443 5479 5803 5641 4304 4466 4142 4151 5123
5605 5767 5443 5479 5803 5641 4304 4466 4142 4133 4457
5605 5767 5686 5712 5793 5631 4300 4462 4057 4722 4479
5605 5767 5443 5479 5803 5641 4337 4499 4175 4832 4508
5605 5767 5686 5712 5793 5631 4354 5164
5605 5767 5686 5712 5793 5631 4321 4483 4078 4095 5148
5605 5767 5443 5479 5803 5641 4337 4499 4175 4814 4490
5605 5767 5686 5712 5793 5631 4300 4462 4381 5028 5109
5605 5767 5686 5712 5793 5631 4300 5110
5605 5767 5443 5479 5803 5641 4331 4493 4169 4826 5150
5605 5767 5686 5712 5793 5631 4300 4462 4381 5028 4461
5605 5767 5686 5712 5793 5631 4348 5158
5605 5767 5686 5712 5793 5631 4321 4483 4402 4401 4482
5605 5767 5686 5712 5793 5631 4348 4510 4105 4770 4527
5605 5767 5686 5712 5793 5631 4294 5104
5605 5767 5443 5479 5803 5641 4304 4466 4061 4069 5122
5605 5767 5443 5479 5803 5641 4364 4526 4121 4129 5182
5605 5767 5443 5479 5803 5641 4358 4520 4196 4205 4529
5605 5767 5443 5479 5803 5641 4358 5168
5605 5767 5686 5712 5793 5631 4327 4489 4408 5055 4488
5605 5767 5443 5479 5803 5641 4337 4499 4175 4832 5156
5605 5767 5686 5712 5793 5631 4354 4516 4111 4119 5172
5605 5767 5443 5479 5803 5641 4310 4472 4148 4805 5129
5605 5767 5443 5479 5803 5641 4364 5174
5605 5767 5686 5712 5793 5631 4321 4483 4402 4401 5130
5605 5767 5443 5479 5803 5641 4304 4466 4142 4151 4475
5605 5767 5686 5712 5793 5631 4348 4510 4105 4761 5166
5605 5767 5686 5712 5793 5631 4348 4510 4105 4770 5175
5605 5767 5443 5479 5803 5641 4331 4493 4169 4808 5132
5605 5767 5686 5712 5793 5631 4327 4489 4084 4749 5154
5605 5767 5686 5712 5793 5631 4294 4456 4051 4707 5112
5605 5767 5686 5712 5793 5631 4348 4510 4429 5076 4509
5605 5767 5443 5479 5803 5641 4358 4520 4196 4205 5177
5605 5767 5443 5479 5803 5641 4304 5114
5605 5767 5443 5479 5803 5641 4331 4493 4169 4826 4502
5605 5767 5686 5712 5793 5631 4300 4462 4057 4722 5127
5605 5767 5686 5712 5793 5631 4300 4462 4057 4713 5118
5605 5767 5443 5479 5803 5641 4358 4520 4196 4187 4511
5605 5767 5686 5712 5793 5631 4294 4456 4051 4716 4473
5605 5767 5443 5479 5803 5641 4364 4526 4445 4444 5173
5605 5767 5443 5479 5803 5641 4364 4526 4202 4211 4535
5605 5767 5686 5712 5793 5631 4354 4516 4435 4434 4515
5605 5767 5443 5479 5803 5641 4337 4499 4175 4814 5138
5605 5767 5443 5479 5803 5641 4310 5120
5605 5767 5443 5479 5803 5641 4358 4520 4439 4438 5167
5605 5767 5443 5479 5803 5641 4364 4526 4202 4193 4517
5605 5767 5443 5479 5803 5641 4364 4526 4202 4211 5183
5605 5767 5443 5479 5803 5641 4358 4520 4115 4123 5176
5605 5767 5686 5712 5793 5631 4354 4516 4435 4434 5163
5605 5767 5686 5712 5793 5631 4321 4483 4078 4095 4500
5605 5767 5443 5479 5803 5641 4304 4466 4385 4384 5113
5605 5767 5362 5372 5777
5605 5767 5389 5408 6461
5605 5767 5362 5397 5829
5605 5653 5815 5410 5400 6453
5605 5767 5443 5452 6424
5605 5767 5362 5379 6432
5605 5767 5362 5354 6407
5605 6415
5605 5599 5761 5356 5994 6399
5605 5599 5761 5356 6012 6417
5605 5767 5362 5354 5759
5605 5653 5815 5410 5402 6455
5605 5767 5389 5424 6477
5605 5599 5761 5356 5994 5751
5605 5626 5788 5383 6023 5780
5605 5767 5362 5397 5802
5605 5599 5761 5356 5996 6401
5605 5599 5761 5356 6014 6419
5605 5599 5761 5356 5996 5753
5605 5767 5362 5370 5775
5605 5767 5362 5399 5804
5605 5767 5470 5488 6460
5605 5626 5788 5383 6039 6444
5605 5767 5362 5381 5786
5605 5767 5362 5352 6405
5605 5767 5443 5434 6406
5605 5626 5788 5383 6041 6446
5605 5767 5362 5352 5757
5605 5653 5815 5491 5482 6454
5605 5626 5788 5383 6021 5778
5605 5653 5815 5410 5418 5823
5605 5599 5761 5437 6076 6400
5605 5599 5761 5437 6094 6418
5605 5767 5470 5506 6478
5605 5653 5815 5410 5420 5825
5605 5653 5815 5734 5735 6464
5605 5767 5362 5379 5784
5605 5767 5362 5399 6452
5605 5767 5713 5739 6468
5605 5767 5362 5372 6425
5605 5767 5713 5741 6470
5605 5626 5788 5383 6021 6426
5605 5599 5761 5356 6014 5771
5605 5653 5815 5734 5733 6462
5605 5653 5815 5410 5418 6471
5605 5626 5788 5383 6023 6428
5605 5767 5362 5397 6450
5605 5599 5761 5680 6327 6408
5605 5653 5815 5410 5400 5805
5605 5653 5815 5410 5420 6473
5605 5599 5761 5680 6329 6410
5605 5626 5788 5383 6041 5798
5605 5767 5362 5370 6423
5605 5767 5686 5685 6414
5605 5653 5815 5410 5402 5807
5605 5599 5761 5356 6012 5769
5605 5659 6469
5605 5767 5362 5399 5831
5605 5767 5362 5379 5811
5605 5767 5362 5381 6434
5605 5767 5686 5687 6416
5605 5653 6463
5605 5767 5362 5381 5813
5605 5767 5389 5426 6479
5605 5653 5815 5491 5500 6472
5605 5767 5389 5406 6459
5605 5626 5788 5383 6039 5796
5605 5599 6409
5605 5767 5686 5714 5795 5633 27694 27856 28099 2131 2536 1726 8198 8360 8036 8045 8369
5605 5767 5686 5714 5795 5633 27694 27856 28099 2121 2526 1716 8215 8377 8296 8324 9053
5605 5767 5686 5712 5793 5631 4348 4510 4753 30625 31030 30220 8223 8385 8061 8097 8421
5605 5767 5686 5714 5795 5633 27646 27808 28051 2169 2574 1764 8236 8398 8317 8316 9045
5605 5767 5686 5712 5793 5631 4348 4510 4753 30635 31040 30230 8206 9016
5605 5767 5686 5714 5795 5633 27694 27856 28099 2121 2526 1716 8215 8377 8296 8295 9024
5605 5767 5686 5714 5795 5633 27694 27856 28099 2121 2526 1716 8188 8350 8269 8918 8999
5605 5767 5686 5712 5793 5631 4348 4510 4753 30625 31030 30220 8196 8358 8277 8926 9007
5605 5767 5686 5714 5795 5633 27646 27808 28051 2169 2574 1764 8209 8371 8290 8262 8991
5605 5767 5686 5712 5793 5631 4300 4462 4705 30683 31088 30278 8227 8389 8308 8280 9009
5605 5767 5686 5714 5795 5633 27694 27856 28099 2121 2526 1716 8188 8350 8269 8918 8351
5605 5767 5686 5714 5795 5633 27646 27808 28051 2169 2574 1764 8236 8398 8317 8318 9047
5605 5767 5686 5712 5793 5631 4348 4510 4753 30625 31030 30220 8223 8385 8061 8097 9069
5605 5767 5686 5714 5795 5633 27646 27808 28051 2169 2574 1764 8209 8371 8290 8262 8343
5605 5767 5686 5714 5795 5633 27646 27808 28051 2169 2574 1764 8209 8371 8290 8939 8372
5605 5767 5686 5712 5793 5631 4348 4510 4753 30625 31030 30220 8223 8385 8061 8070 8394
5605 5767 5686 5714 5795 5633 27646 27808 28051 2169 2574 1764 8209 8371 8290 8264 8993
5605 5767 5686 5714 5795 5633 27646 27808 28051 2179 2584 1774 8219 8381 8057 8039 9011
5605 5767 5686 5714 5795 5633 27646 27808 28051 2169 2574 1764 8209 8371 8290 8264 8345
5605 5767 5686 5712 5793 5631 4348 4510 4753 30625 31030 30220 8196 8358 8034 8691 8367
5605 5767 5686 5714 5795 5633 27694 27856 28099 2131 2536 1726 8225 8387 8063 8720 8396
5605 5767 5686 5714 5795 5633 27646 27808 28051 2169 2574 1764 8242 9052
5605 5767 5686 5712 5793 5631 4300 4462 4705 30683 31088 30278 8227 8389 8308 8955 9036
5605 5767 5686 5714 5795 5633 27694 27856 28099 2121 2526 1716 8215 8377 8296 8297 8378
5605 5767 5686 5714 5795 5633 27694 27856 28099 2121 2526 1716 8188 8350 8269 8916 8997
5605 5767 5686 5714 5795 5633 27694 27856 28099 2121 2526 1716 8188 8998
5605 5767 5686 5714 5795 5633 27646 27808 28051 2179 2584 1774 8219 8381 8057 8066 9038
5605 5767 5686 5714 5795 5633 27694 27856 28099 2121 2526 1716 8188 8350 8269 8916 8349
5605 5767 5686 5714 5795 5633 27646 27808 28051 2169 2574 1764 8236 9046
5605 5767 5686 5714 5795 5633 27646 27808 28051 2169 2574 1764 8209 8371 8290 8937 8370
5605 5767 5686 5712 5793 5631 4300 4462 4705 30683 31088 30278 8254 8416 8335 8334 8415
5605 5767 6010 16425 16830 16020 1729 1891 1486 1467 1872 1710 8182 8992
5605 5767 6010 16427 16832 16022 30259 30421 30016 29981 30386 30224 8200 9010
5605 5767 5686 5712 5793 5631 4300 4462 4705 30683 31088 30278 8260 9070
5605 5767 5686 5714 5795 5633 27646 27808 28051 2179 2584 1774 8246 8408 8084 8741 8417
5605 5767 5686 5714 5795 5633 27646 27808 28051 2179 2584 1774 8246 9056
5605 5767 5686 5714 5795 5633 27694 27856 28099 2121 2526 1716 8215 8377 8296 8295 8376
5605 5767 5686 5714 5795 5633 27694 27856 28099 2131 2536 1726 8225 8387 8063 8720 9044
5605 5767 5686 5712 5793 5631 4300 4462 4705 30673 31078 30268 8250 9060
5605 5767 5686 5714 5795 5633 27694 27856 28099 2131 2536 1726 8198 8360 8036 8045 9017
5605 5767 5686 5714 5795 5633 27646 27808 28051 2179 2584 1774 8252 9062
5605 5767 5686 5714 5795 5633 27646 27808 28051 2169 2574 1764 8209 8371 8290 8937 9018
5605 5767 5686 5714 5795 5633 27646 27808 28051 2179 2584 1774 8219 8381 8057 8039 8363
5605 5767 5686 5712 5793 5631 4300 4462 4705 30673 31078 30268 8244 9054
5605 5767 5686 5712 5793 5631 4300 4462 4705 30683 31088 30278 8254 8416 8335 8334 9063
5605 5767 5686 5714 5795 5633 27646 27808 28051 2169 2574 1764 8209 8371 8290 8939 9020
5605 5767 5686 5712 5793 5631 4348 4510 4753 30625 31030 30220 8223 8385 8061 8070 9042
5605 5767 6010 16417 16822 16012 30249 30411 30006 29971 30376 30214 8190 9000
5605 5767 5686 5714 5795 5633 27646 27808 28051 2169 2574 1764 8236 8398 8317 8316 8397
5605 5767 5686 5714 5795 5633 27646 27808 28051 2179 2584 1774 8246 8408 8084 8741 9065
5605 5767 6010 16435 16840 16030 1739 1901 1496 1477 1882 1720 8192 9002
5605 5767 5686 5714 5795 5633 27646 27808 28051 2179 2584 1774 8219 8381 8057 8066 8390
5605 5767 5686 5712 5793 5631 4348 4510 4753 30625 31030 30220 8196 8358 8034 8691 9015
5605 5767 5686 5712 5793 5631 4348 4510 4753 30625 31030 30220 8196 9006
5605 5767 5686 5714 5795 5633 27646 27808 28051 2169 2574 1764 8236 8398 8317 8318 8399
5605 5767 5686 5712 5793 5631 4300 4462 4705 30683 31088 30278 8227 8389 8308 8280 8361
5605 5767 5686 5712 5793 5631 4348 4510 4753 30625 31030 30220 8223 8385 8304 8332 9061
5605 5767 5686 5714 5795 5633 27694 27856 28099 2131 2536 1726 8225 8387 8063 8099 8423
5605 5767 5686 5714 5795 5633 27694 27856 28099 2121 2526 1716 8215 8377 8296 8322 8403
5605 5767 5686 5714 5795 5633 27694 27856 28099 2121 2526 1716 8215 8377 8296 8297 9026
5605 5767 5686 5714 5795 5633 27694 27856 28099 2131 2536 1726 8198 9008
5605 5767 5686 5712 5793 5631 4300 4462 4705 30683 31088 30278 8254 8416 8092 8083 9055
5605 5767 5686 5714 5795 5633 27694 27856 28099 2121 2526 1716 8215 8377 8296 8324 8405
5605 5767 5686 5714 5795 5633 27694 27856 28099 2131 2536 1726 8225 8387 8063 8099 9071
5605 5767 5686 5712 5793 5631 4300 4462 4705 30683 31088 30278 8254 9064
5605 5767 5686 5714 5795 5633 27694 27856 28099 2121 2526 1716 8215 8377 8296 8322 9051
5605 5767 5686 5712 5793 5631 4300 4462 4705 30683 31088 30278 8227 8389 8308 8955 8388
5605 5767 5686 5712 5793 5631 4300 4462 4705 30683 31088 30278 8227 8389 8065 8029 9001
5605 5653 5815 6058 11226 10983
5605 5626 5788 5383 6031 11183 10940
5605 5653 5815 6058 11208 10560 10668 11640
5605 5626 5788 5383 6031 11181 11586
5605 5653 5815 6058 11210 10562 10670 11642
5605 5653 5815 6058 11210 10967
5605 5626 5788 5383 6031 11183 11588
5605 5626 5788 5383 6031 11201 11606
5605 5626 5788 5383 6031 11181 10938
5605 5653 5815 6058 11228 11633
5605 5653 5815 6058 11208 10965
5605 5653 5815 6058 11226 10578 11010
5605 5626 5788 5383 6031 11199 11604
5605 5653 5815 6058 11228 10580 11012
5605 5653 5815 6058 11226 11631
5605 5626 5788 5383 6031 11201 10958
5605 5653 5815 6058 11226 10578 10929 11658
5605 5653 5815 6058 11210 11615
5605 5653 5815 6058 11208 10560 10992
5605 5653 5815 6058 11228 10580 10931 11660
5605 5653 5815 6058 11228 10985
5605 5653 5815 6058 11210 10562 10994
5605 5626 5788 5383 6031 11199 10956
5605 5653 5815 6058 11208 11613
5605 5767 5686 5714 5795 5633 27694 27856 28099 12522 12279
5605 5767 5443 5461 5785 5623 27657 27819 27414 28054 12479 12236
5605 5767 6010 16425 16830 16020 1735 1897 1816 2140 12531 12936
5605 5767 5443 5461 5785 5623 27657 27819 27495 28062 12477 12882
5605 5767 6010 16435 16840 16030 1745 1907 1583 2150 12533 12938
5605 5767 5686 5714 5795 5633 27694 27856 28099 12506 12263
5605 5767 5443 5461 5785 5623 27657 27819 27414 28054 12479 12884
5605 5767 5686 5714 5795 5633 27667 27829 27748 28072 12497 12902
5605 5767 5443 5461 5785 5623 27657 27819 27495 28062 12477 12234
5605 5767 5686 5714 5795 5633 27694 27856 28099 12524 12929
5605 5767 5443 5461 5785 5623 27684 27846 28089 12504 12261
5605 5767 5686 5714 5795 5633 27694 27856 28099 12522 11874 12306
5605 5767 5443 5461 5785 5623 27657 27819 27495 28062 12495 12900
5605 5767 5686 5714 5795 5633 27694 27856 28099 12524 11876 12308
5605 5767 5686 5714 5795 5633 27694 27856 28099 12522 12927
5605 5767 5686 5714 5795 5633 27667 27829 27748 28072 12497 12254
5605 5767 6010 16435 16840 16030 1745 1907 1502 2158 12549 12954
5605 5767 5686 5714 5795 5633 27694 27856 28099 12506 12911
5605 5767 5443 5461 5785 5623 27684 27846 28089 12504 11856 12288
5605 5767 6010 16435 16840 16030 1745 1907 1583 2150 12551 12956
5605 5767 5686 5714 5795 5633 27694 27856 28099 12524 12281
5605 5767 5686 5714 5795 5633 27694 27856 28099 12515 11939 12290
5605 5767 5443 5461 5785 5623 27657 27819 27495 28062 12495 12252
5605 5767 5443 5461 5785 5623 27684 27846 28089 12504 12909
5605 5767 5686 5714 5795 5633 27646 27808 27403 28043 28448 27638 18622 18784 19027 13818 13575
5605 5767 5443 5479 5803 5641 4310 4472 4067 4723 5128 4318 18587 18749 18425 18992 13775 13532
5605 5767 5686 5714 5795 5633 27694 27856 28099 2121 2526 1716 8215 8377 8296 8620 13827 14232
5605 5767 5443 5461 5785 5623 27636 27798 27393 28033 28438 27628 18585 18747 18423 18990 13773 14178
5605 5767 5686 5714 5795 5633 27694 27856 28099 2121 2526 1716 8215 8377 8296 8620 13829 14234
5605 5767 5686 5712 5793 5631 4300 4462 4057 4713 5118 4308 18604 18766 19009 13802 13559
5605 5767 5443 5479 5803 5641 4310 4472 4067 4723 5128 4318 18587 18749 18425 18992 13775 14180
5605 5767 5443 5479 5803 5641 4310 4472 4067 4723 5128 4318 18587 18749 18425 18992 13793 14198
5605 5767 5443 5461 5785 5623 27636 27798 27393 28033 28438 27628 18585 18747 18423 18990 13773 13530
5605 5767 5686 5714 5795 5633 27646 27808 27403 28043 28448 27638 18622 18784 19027 13820 14225
5605 5767 5686 5712 5793 5631 4300 4462 4057 4713 5118 4308 18604 18766 19009 13800 13557
5605 5767 5686 5714 5795 5633 27646 27808 27403 28043 28448 27638 18622 18784 19027 13818 13170 13602
5605 5767 5443 5461 5785 5623 27636 27798 27393 28033 28438 27628 18585 18747 18423 18990 13791 14196
5605 5767 5686 5714 5795 5633 27646 27808 27403 28043 28448 27638 18622 18784 19027 13820 13172 13604
5605 5767 5686 5714 5795 5633 27646 27808 27403 28043 28448 27638 18622 18784 19027 13818 14223
5605 5767 5443 5479 5803 5641 4310 4472 4067 4723 5128 4318 18587 18749 18425 18992 13793 13550
5605 5767 5686 5712 5793 5631 4348 4510 4753 30625 31030 30220 8223 8385 8061 8628 13845 14250
5605 5767 5686 5712 5793 5631 4300 4462 4057 4713 5118 4308 18604 18766 19009 13802 14207
5605 5767 5686 5712 5793 5631 4300 4462 4057 4713 5118 4308 18604 18766 19009 13800 13152 13584
5605 5767 5686 5714 5795 5633 27694 27856 28099 2131 2536 1726 8225 8387 8063 8630 13847 14252
5605 5767 5686 5714 5795 5633 27646 27808 27403 28043 28448 27638 18622 18784 19027 13820 13577
5605 5767 5686 5712 5793 5631 4300 4462 4057 4713 5118 4308 18604 18766 19009 13802 13154 13586
5605 5767 5443 5461 5785 5623 27636 27798 27393 28033 28438 27628 18585 18747 18423 18990 13791 13548
5605 5767 5686 5712 5793 5631 4300 4462 4057 4713 5118 4308 18604 18766 19009 13800 14205
5605 5767 5686 5712 5793 5631 4348 4510 4753 15114 14871
5605 5767 5443 5479 5803 5641 4331 4493 4169 4736 15071 14828
5605 5767 6010 16417 16822 16012 30255 30417 30093 30660 15123 15528
5605 5767 5686 5712 5793 5631 4321 4483 4402 4726 15069 15474
5605 5767 6010 16417 16822 16012 30255 30417 30012 30652 15125 15530
5605 5767 5686 5712 5793 5631 4348 4510 4753 15098 14855
5605 5767 5443 5479 5803 5641 4331 4493 4169 4736 15071 15476
5605 5767 5443 5479 5803 5641 4331 4493 4169 4736 15089 15494
5605 5767 5686 5712 5793 5631 4321 4483 4402 4726 15069 14826
5605 5767 5443 5479 5803 5641 4358 4520 4763 15116 15521
5605 5767 5686 5712 5793 5631 4348 4510 4753 15096 14853
5605 5767 5686 5712 5793 5631 4348 4510 4753 15105 14547 14898
5605 5767 5443 5479 5803 5641 4331 4493 4088 4744 15087 15492
5605 5767 5443 5479 5803 5641 4358 4520 4763 15116 14468 14900
5605 5767 5686 5712 5793 5631 4348 4510 4753 15114 15519
5605 5767 5443 5479 5803 5641 4331 4493 4169 4736 15089 14846
5605 5767 6010 16417 16822 16012 30255 30417 30093 30660 15141 15546
5605 5767 5686 5712 5793 5631 4348 4510 4753 15098 15503
5605 5767 5686 5712 5793 5631 4348 4510 4753 15096 14448 14880
5605 5767 6010 16427 16832 16022 30265 30427 30346 30670 15143 15548
5605 5767 5443 5479 5803 5641 4358 4520 4763 15116 14873
5605 5767 5686 5712 5793 5631 4348 4510 4753 15098 14450 14882
5605 5767 5443 5479 5803 5641 4331 4493 4088 4744 15087 14844
5605 5767 5686 5712 5793 5631 4348 4510 4753 15096 15501
5605 5653 5815 6058 16388 16145
5605 5653 5815 6058 16370 15722 15857 16829
5605 5653 5815 6058 16386 15738 16197
5605 5767 6010 16416 16821
5605 5653 5815 6058 16387 16792
5605 5653 5815 6058 16368 15720 15747 16800
5605 5653 5815 6058 16370 16775
5605 5653 5815 6058 16378 16783
5605 5767 6010 16416 15768 15795 16767
5605 5767 6010 16434 15786 16056 16785
5605 5653 5815 6058 16370 16127
5605 5767 6010 16418 16823
5605 5653 5815 6058 16386 15738 16116 16845
5605 5767 6010 16416 15768 16119
5605 5767 6010 16418 15770 16148
5605 5653 5815 6058 16386 15738 16170
5605 5767 6010 16418 15770 16121 16769
5605 5767 6010 16436 15788 16139 16787
5605 5767 6010 16418 15770 16121
5605 5653 5815 6058 16386 16143
5605 5653 5815 6058 16388 15740 16172
5605 5767 6010 16417 16822 16660 16666 16828
5605 5767 6010 16434 15786 16083 16812
5605 5653 5815 6058 16370 15722 16154
5605 5653 5815 6058 16368 16773
5605 5653 5815 6058 16369 16774
5605 5767 6010 16436 15788 16166 16814
5605 5653 5815 6058 16368 16125
5605 5767 6010 16417 16822
5605 5767 6010 16416 15768 16146
5605 5767 6010 16434 16191
5605 5767 6010 16417 16174 15958 16768
5605 5767 6010 16435 16192 15976 16786
5605 5767 6010 16435 16840 16678 16684 16846
5605 5767 6010 16436 16193
5605 5767 6010 16427 16832
5605 5653 5815 6058 16368 15720 16152
5605 5653 5815 6058 16388 15740 15848 16820
5605 5767 6010 16425 16830 16668 16674 16836
5605 5653 5815 6058 16388 16793
5605 5767 6010 16427 16832 16670 16676 16838
5605 5767 6010 16416 15768 15741 16794
5605 5767 6010 16436 15788 16139
5605 5767 6010 16425 16830
5605 5767 6010 16434 16839
5605 5767 6010 16418 15770 16148 16796
5605 5653 5815 6058 16386 15738 15765 16818
5605 5767 6010 16425 16182 15966 16776
5605 5767 6010 16416 16173
5605 5767 6010 16436 16841
5605 5767 6010 16427 16184 15968 16778
5605 5767 6010 16436 15788 16166
5605 5653 5815 6058 16386 16791
5605 5653 5815 6058 16377 16782
5605 5767 6010 16418 16175
5605 5767 6010 16434 15786 16137
5605 5767 6010 16426 16831 16669 16675 16837
5605 5653 5815 6058 16388 15740 16199
5605 5653 5815 6058 16368 15720 16179
5605 5653 5815 6058 16370 15722 15830 16802
5605 5653 5815 6058 16379 16784
5605 5767 6010 16426 16831
5605 5653 5815 6058 16370 15722 16181
5605 5653 5815 6058 16388 15740 16199 16847
5605 5767 6010 16435 16840
5605 5653 5815 6058 16368 15720 15774 16827
5605 5767 6010 16434 15786 16164
5605 5767 6010 16426 16183 15967 16777
5605 5767 5443 5479 5803 5641 4310 4472 4067 4723 5128 4318 18566 18728 18404 19061 18737
5605 5767 5443 5479 5803 5641 4364 4526 4121 4129 4534 4372 18620 18782 18458 18449 19421
5605 5767 5443 5461 5785 5623 27690 27852 27447 28087 28492 27682 18618 18780 18456 18465 18789
5605 5767 5443 5461 5785 5623 27636 27798 27393 28033 28438 27628 18612 18774 18450 19089 19413
5605 5767 5686 5714 5795 5633 27646 27808 27403 28043 28448 27638 18574 19384
5605 5767 5443 5461 5785 5623 27636 27798 27393 28033 28438 27628 18591 18753 18429 19068 19392
5605 5767 5443 5479 5803 5641 4310 4472 4067 4723 5128 4318 18566 18728 18404 19043 19367
5605 5767 5443 5461 5785 5623 27636 27798 27393 28033 28438 27628 18564 18726 18645 18646 19375
5605 5767 5443 5461 5785 5623 27636 27798 27393 28033 28438 27628 18558 18720 18396 19035 19359
5605 5767 5443 5461 5785 5623 27636 27798 27393 28033 28438 27628 18558 18720 18396 19053 19377
5605 5767 5443 5479 5803 5641 4310 4472 4067 4723 5128 4318 18566 18728 18404 19043 18719
5605 5767 5443 5479 5803 5641 4310 4472 4067 4723 5128 4318 18614 18776 18452 18443 19415
5605 5767 5443 5461 5785 5623 27690 27852 27447 28087 28492 27682 18618 18780 18456 18465 19437
5605 5767 5443 5461 5785 5623 27636 27798 27393 28033 28438 27628 18558 18720 18396 19035 18711
5605 5767 5443 5479 5803 5641 4310 4472 4067 4723 5128 4318 18587 18749 18425 19064 18740
5605 5767 5443 5461 5785 5623 27636 27798 27393 28033 28438 27628 18591 18753 18429 19086 18762
5605 5767 5443 5479 5803 5641 4310 4472 4067 4723 5128 4318 18560 18722 18398 18389 19361
5605 5767 5443 5479 5803 5641 4310 4472 4067 4723 5128 4318 18560 18722 18398 18407 19379
5605 5767 5443 5479 5803 5641 4310 4472 4067 4723 5128 4318 18560 18722 18398 18389 18713
5605 5767 5443 5461 5785 5623 27636 27798 27393 28033 28438 27628 18564 18726 18402 18411 18735
5605 5767 5443 5479 5803 5641 4310 4472 4067 4723 5128 4318 18593 18755 18431 19088 18764
5605 5767 5686 5712 5793 5631 4354 4516 4111 4119 4524 4362 18610 19420
5605 5767 5443 5461 5785 5623 27636 27798 27393 28033 28438 27628 18585 18747 18423 18432 19404
5605 5767 5443 5479 5803 5641 4310 4472 4067 4723 5128 4318 18593 18755 18431 19070 18746
5605 5767 5443 5461 5785 5623 27636 27798 27393 28033 28438 27628 18564 18726 18402 18393 19365
5605 5767 5686 5712 5793 5631 4300 4462 4057 4713 5118 4308 18556 19366
5605 5767 5443 5479 5803 5641 4310 4472 4067 4723 5128 4318 18587 18749 18425 19082 19406
5605 5767 5443 5461 5785 5623 27636 27798 27393 28033 28438 27628 18564 18726 18402 18393 18717
5605 5767 5686 5712 5793 5631 4300 4462 4057 4713 5118 4308 18604 19414
5605 5767 5443 5461 5785 5623 27636 27798 27393 28033 28438 27628 18585 18747 18423 18414 18738
5605 5767 5443 5461 5785 5623 27636 27798 27393 28033 28438 27628 18612 18774 18450 19107 18783
5605 5767 5686 5712 5793 5631 4300 4462 4057 4713 5118 4308 18550 19360
5605 5767 5686 5714 5795 5633 27646 27808 27403 28043 28448 27638 18568 19378
5605 5767 5686 5714 5795 5633 27700 27862 27457 28097 28502 27692 18628 19438
5605 5767 5443 5479 5803 5641 4310 4472 4067 4723 5128 4318 18614 18776 18452 18461 18785
5605 5767 5443 5479 5803 5641 4310 4472 4067 4723 5128 4318 18614 19424
5605 5767 5443 5461 5785 5623 27636 27798 27393 28033 28438 27628 18591 18753 18429 19068 18744
5605 5767 5443 5479 5803 5641 4310 4472 4067 4723 5128 4318 18593 18755 18431 19088 19412
5605 5767 5443 5461 5785 5623 27690 27852 27447 28087 28492 27682 18618 19428
5605 5767 5443 5479 5803 5641 4310 4472 4067 4723 5128 4318 18566 18728 18404 19061 19385
5605 5767 5443 5479 5803 5641 4364 4526 4121 4129 4534 4372 18620 19430
5605 5767 5443 5461 5785 5623 27636 27798 27393 28033 28438 27628 18585 18747 18423 18414 19386
5605 5767 5443 5479 5803 5641 4310 4472 4067 4723 5128 4318 18560 18722 18398 18407 18731
5605 5767 5443 5461 5785 5623 27636 27798 27393 28033 28438 27628 18612 19422
5605 5767 5443 5461 5785 5623 27636 27798 27393 28033 28438 27628 18612 18774 18450 19107 19431
5605 5767 5443 5479 5803 5641 4310 4472 4067 4723 5128 4318 18587 18749 18425 19064 19388
5605 5767 5443 5461 5785 5623 27636 27798 27393 28033 28438 27628 18591 18753 18429 19086 19410
5605 5767 5443 5461 5785 5623 27636 27798 27393 28033 28438 27628 18558 19368
5605 5767 5443 5461 5785 5623 27636 27798 27393 28033 28438 27628 18612 18774 18450 19089 18765
5605 5767 5443 5479 5803 5641 4310 4472 4067 4723 5128 4318 18614 18776 18452 18461 19433
5605 5767 5443 5479 5803 5641 4310 4472 4067 4723 5128 4318 18560 19370
5605 5767 5443 5479 5803 5641 4310 4472 4067 4723 5128 4318 18587 18749 18425 19082 18758
5605 5767 5443 5461 5785 5623 27636 27798 27393 28033 28438 27628 18564 18726 18402 18411 19383
5605 5767 5443 5461 5785 5623 27636 27798 27393 28033 28438 27628 18564 19374
5605 5767 5443 5479 5803 5641 4310 4472 4067 4723 5128 4318 18614 18776 18452 18443 18767
5605 5767 5443 5461 5785 5623 27636 27798 27393 28033 28438 27628 18558 18720 18396 19053 18729
5605 5767 5443 5461 5785 5623 27690 27852 27447 28087 28492 27682 18618 18780 18699 18700 19429
5605 5767 5443 5479 5803 5641 4364 4526 4121 4129 4534 4372 18620 18782 18458 18467 18791
5605 5767 5443 5461 5785 5623 27690 27852 27447 28087 28492 27682 18618 18780 18456 18447 18771
5605 5767 5443 5479 5803 5641 4310 4472 4067 4723 5128 4318 18593 18755 18431 19070 19394
5605 5767 5443 5479 5803 5641 4310 4472 4067 4723 5128 4318 18566 19376
5605 5767 5443 5461 5785 5623 27636 27798 27393 28033 28438 27628 18612 18774 18693 19342 19423
5605 5767 5443 5479 5803 5641 4364 4526 4121 4129 4534 4372 18620 18782 18458 18449 18773
5605 5767 5443 5479 5803 5641 4364 4526 4121 4129 4534 4372 18620 18782 18458 18467 19439
5605 5767 5686 5714 5795 5633 27646 27808 27403 28043 28448 27638 18622 19432
5605 5767 5443 5461 5785 5623 27690 27852 27447 28087 28492 27682 18618 18780 18456 18447 19419
5605 5767 5443 5461 5785 5623 27636 27798 27393 28033 28438 27628 18585 18747 18423 18432 18756
5605 5767 5443 5461 5785 5623 27636 27798 27393 28033 28438 27628 18558 18720 18639 19288 19369
5605 5767 6010 21594 21351
5605 5767 6010 21578 20930 21308
5605 5767 5389 6037 21603 22008
5605 5767 6010 21576 20928 21306 21954
5605 5767 5389 6037 21605 22010
5605 5767 6010 21578 21335
5605 5767 6010 21578 20930 20984 21956
5605 5767 6010 21596 20948 21002 21974
5605 5767 6010 21576 20928 21306
5605 5767 6010 21596 22001
5605 5767 6010 21576 21333
5605 5767 5389 6037 21621 21378
5605 5767 6010 21594 20946 21000 21972
5605 5767 5389 6037 21623 21380
5605 5767 6010 21594 21999
5605 5767 6010 21596 20948 21326
5605 5767 5389 6037 21621 22026
5605 5767 6010 21578 21983
5605 5767 5389 6037 21603 21360
5605 5767 5389 6037 21623 22028
5605 5767 6010 21596 21353
5605 5767 5389 6037 21605 21362
5605 5767 6010 21594 20946 21324
5605 5767 6010 21576 21981
5605 5767 5686 5712 5793 5631 4300 4462 4705 22890 22647
5605 5767 5686 5712 5793 5631 4300 4462 4705 22874 22226 22604
5605 5767 5686 5712 5793 5631 4327 4489 4408 4732 22899 23304
5605 5767 6010 16417 16822 16012 30249 30411 30087 30654 22845 23250
5605 5767 5443 5479 5803 5641 4337 4499 4175 4742 22901 23306
5605 5767 5686 5712 5793 5631 4300 4462 4705 22874 22631
5605 5767 6010 16417 16822 16012 30249 30411 30006 30646 22847 23252
5605 5767 6010 16427 16832 16022 30259 30421 30340 30664 22865 23270
5605 5767 5686 5712 5793 5631 4300 4462 4705 22872 22224 22602
5605 5767 5443 5479 5803 5641 4310 4472 4715 22892 23297
5605 5767 5686 5712 5793 5631 4300 4462 4705 22872 22629
5605 5767 5443 5479 5803 5641 4337 4499 4094 4750 22917 22674
5605 5767 6010 16417 16822 16012 30249 30411 30087 30654 22863 23268
5605 5767 5443 5479 5803 5641 4337 4499 4175 4742 22919 22676
5605 5767 5686 5712 5793 5631 4300 4462 4705 22890 23295
5605 5767 5443 5479 5803 5641 4310 4472 4715 22892 22244 22622
5605 5767 5443 5479 5803 5641 4337 4499 4094 4750 22917 23322
5605 5767 5686 5712 5793 5631 4300 4462 4705 22874 23279
5605 5767 5686 5712 5793 5631 4327 4489 4408 4732 22899 22656
5605 5767 5443 5479 5803 5641 4337 4499 4175 4742 22919 23324
5605 5767 5443 5479 5803 5641 4310 4472 4715 22892 22649
5605 5767 5443 5479 5803 5641 4337 4499 4175 4742 22901 22658
5605 5767 5686 5712 5793 5631 4300 4462 4705 22881 22323 22620
5605 5767 5686 5712 5793 5631 4300 4462 4705 22872 23277
5605 5767 5686 5714 5795 5633 27646 27808 27403 28043 28448 27638 18574 18736 18979 24186 23943
5605 5767 5686 5712 5793 5631 4300 4462 4057 4713 5118 4308 18556 18718 18961 24170 23522 23900
5605 5767 5443 5461 5785 5623 27636 27798 27393 28033 28438 27628 18591 18753 18429 18996 24195 24600
5605 5767 5686 5714 5795 5633 27646 27808 28051 2169 2574 1764 8209 8371 8290 8614 24141 24546
5605 5767 5443 5479 5803 5641 4310 4472 4067 4723 5128 4318 18593 18755 18431 18998 24197 24602
5605 5767 5686 5712 5793 5631 4300 4462 4057 4713 5118 4308 18556 18718 18961 24170 23927
5605 5767 5686 5714 5795 5633 27646 27808 28051 2169 2574 1764 8209 8371 8290 8614 24143 24548
5605 5767 5686 5714 5795 5633 27646 27808 28051 2179 2584 1774 8219 8381 8057 8624 24161 24566
5605 5767 5686 5712 5793 5631 4300 4462 4057 4713 5118 4308 18556 18718 18961 24168 23520 23898
5605 5767 5686 5714 5795 5633 27646 27808 27403 28043 28448 27638 18574 18736 18979 24188 24593
5605 5767 5686 5712 5793 5631 4300 4462 4057 4713 5118 4308 18556 18718 18961 24168 23925
5605 5767 5443 5461 5785 5623 27636 27798 27393 28033 28438 27628 18591 18753 18429 18996 24213 23970
5605 5767 5686 5712 5793 5631 4300 4462 4705 30683 31088 30278 8227 8389 8308 8632 24159 24564
5605 5767 5443 5479 5803 5641 4310 4472 4067 4723 5128 4318 18593 18755 18431 18998 24215 23972
5605 5767 5686 5714 5795 5633 27646 27808 27403 28043 28448 27638 18574 18736 18979 24186 24591
5605 5767 5686 5714 5795 5633 27646 27808 27403 28043 28448 27638 18574 18736 18979 24188 23540 23918
5605 5767 5443 5461 5785 5623 27636 27798 27393 28033 28438 27628 18591 18753 18429 18996 24213 24618
5605 5767 5686 5712 5793 5631 4300 4462 4057 4713 5118 4308 18556 18718 18961 24170 24575
5605 5767 5443 5461 5785 5623 27636 27798 27393 28033 28438 27628 18591 18753 18429 18996 24195 23952
5605 5767 5443 5479 5803 5641 4310 4472 4067 4723 5128 4318 18593 18755 18431 18998 24215 24620
5605 5767 5686 5714 5795 5633 27646 27808 27403 28043 28448 27638 18574 18736 18979 24188 23945
5605 5767 5443 5479 5803 5641 4310 4472 4067 4723 5128 4318 18593 18755 18431 18998 24197 23954
5605 5767 5686 5714 5795 5633 27646 27808 27403 28043 28448 27638 18574 18736 18979 24186 23538 23916
5605 5767 5686 5712 5793 5631 4300 4462 4057 4713 5118 4308 18556 18718 18961 24168 24573
5605 5767 5686 5714 5795 5633 27646 27808 28051 25482 25239
5605 5767 5686 5714 5795 5633 27646 27808 28051 25475 24899 25196
5605 5767 5443 5461 5785 5623 27663 27825 27501 28068 25491 25896
5605 5767 6010 16425 16830 16020 1729 1891 1810 2134 25437 25842
5605 5767 5443 5461 5785 5623 27663 27825 27420 28060 25493 25898
5605 5767 5686 5714 5795 5633 27646 27808 28051 25466 25223
5605 5767 6010 16435 16840 16030 1739 1901 1577 2144 25439 25844
5605 5767 6010 16435 16840 16030 1739 1901 1577 2144 25457 25862
5605 5767 5443 5461 5785 5623 27636 27798 28041 25464 24816 25194
5605 5767 5686 5714 5795 5633 27646 27808 28051 25484 25889
5605 5767 5443 5461 5785 5623 27636 27798 28041 25464 25221
5605 5767 5443 5461 5785 5623 27663 27825 27501 28068 25509 25266
5605 5767 6010 16435 16840 16030 1739 1901 1496 2152 25455 25860
5605 5767 5686 5714 5795 5633 27673 27835 27754 28078 25511 25268
5605 5767 5686 5714 5795 5633 27646 27808 28051 25482 25887
5605 5767 5686 5714 5795 5633 27646 27808 28051 25484 24836 25214
5605 5767 5443 5461 5785 5623 27663 27825 27501 28068 25509 25914
5605 5767 5686 5714 5795 5633 27646 27808 28051 25466 25871
5605 5767 5443 5461 5785 5623 27663 27825 27501 28068 25491 25248
5605 5767 5686 5714 5795 5633 27673 27835 27754 28078 25511 25916
5605 5767 5686 5714 5795 5633 27646 27808 28051 25484 25241
5605 5767 5443 5461 5785 5623 27663 27825 27420 28060 25493 25250
5605 5767 5686 5714 5795 5633 27646 27808 28051 25482 24834 25212
5605 5767 5443 5461 5785 5623 27636 27798 28041 25464 25869
5605 5767 5686 5714 5795 5633 27646 27808 27727 28376 27809
5605 5767 5686 5714 5795 5633 27700 27862 27457 28088 28493
5605 5767 5443 5461 5785 5623 27690 27852 27528 28185 27861
5605 5767 5443 5461 5785 5623 27684 27846 27522 27513 28485
5605 5767 5686 5714 5795 5633 27646 28456
5605 5767 5443 5461 5785 5623 27663 27825 27501 27492 28464
5605 5767 5686 5714 5795 5633 27646 27808 27403 28034 28439
5605 5767 5443 5461 5785 5623 27636 27798 27717 28366 28447
5605 5767 5443 5461 5785 5623 27630 27792 27468 27459 28431
5605 5767 5443 5461 5785 5623 27630 27792 27468 27477 28449
5605 5767 5686 5714 5795 5633 27646 27808 27403 28034 27791
5605 5767 5686 5714 5795 5633 27694 27856 27451 28082 28487
5605 5767 5443 5461 5785 5623 27690 27852 27528 28185 28509
5605 5767 5443 5461 5785 5623 27630 27792 27468 27459 27783
5605 5767 5686 5714 5795 5633 27667 27829 27424 28055 27812
5605 5767 5443 5461 5785 5623 27663 27825 27501 27510 27834
5605 5767 5686 5714 5795 5633 27640 27802 27397 27380 28433
5605 5767 5686 5714 5795 5633 27640 27802 27721 27722 28451
5605 5767 5686 5714 5795 5633 27640 27802 27397 27380 27785
5605 5767 5443 5461 5785 5623 27636 27798 27474 28131 27807
5605 5767 5686 5714 5795 5633 27673 27835 27754 27755 27836
5605 5767 5443 5461 5785 5623 27690 27852 27447 28087 28492
5605 5767 5443 5461 5785 5623 27657 27819 27495 28152 28476
5605 5767 5686 5714 5795 5633 27673 27835 27430 27413 27818
5605 5767 5443 5461 5785 5623 27636 27798 27474 28113 28437
5605 5767 5443 5461 5785 5623 27636 27798 27393 28033 28438
5605 5767 5686 5714 5795 5633 27667 27829 27748 28397 28478
5605 5767 5443 5461 5785 5623 27636 27798 27474 28113 27789
5605 5767 5443 5461 5785 5623 27684 27846 27441 27433 28486
5605 5767 5443 5461 5785 5623 27657 27819 27495 28134 27810
5605 5767 5443 5461 5785 5623 27684 27846 27522 27531 27855
5605 5767 5443 5461 5785 5623 27630 27792 27387 27379 28432
5605 5767 5686 5714 5795 5633 27640 28450
5605 5767 5686 5714 5795 5633 27700 28510
5605 5767 5686 5714 5795 5633 27694 27856 27775 28424 27857
5605 5767 5686 5714 5795 5633 27694 27856 27451 28091 28496
5605 5767 5443 5461 5785 5623 27663 27825 27501 27492 27816
5605 5767 5686 5714 5795 5633 27673 27835 27754 27755 28484
5605 5767 5443 5461 5785 5623 27690 28500
5605 5767 5686 5714 5795 5633 27646 27808 27727 28376 28457
5605 5767 5686 5714 5795 5633 27700 27862 27457 28097 28502
5605 5767 5443 5461 5785 5623 27657 27819 27495 28134 28458
5605 5767 5686 5714 5795 5633 27640 27802 27721 27722 27803
5605 5767 5443 5461 5785 5623 27684 28494
5605 5767 5443 5461 5785 5623 27684 27846 27522 27531 28503
5605 5767 5686 5714 5795 5633 27667 27829 27424 28055 28460
5605 5767 5443 5461 5785 5623 27663 27825 27501 27510 28482
5605 5767 5443 5461 5785 5623 27630 28440
5605 5767 5443 5461 5785 5623 27684 27846 27522 27513 27837
5605 5767 5686 5714 5795 5633 27694 27856 27775 28424 28505
5605 5767 5686 5714 5795 5633 27640 27802 27397 27389 28442
5605 5767 5686 5714 5795 5633 27667 27829 27748 28397 27830
5605 5767 5443 5461 5785 5623 27636 27798 27474 28131 28455
5605 5767 5443 5461 5785 5623 27636 28446
5605 5767 5686 5714 5795 5633 27694 27856 27451 28082 27839
5605 5767 5443 5461 5785 5623 27630 27792 27468 27477 27801
5605 5767 5443 5461 5785 5623 27690 27852 27771 28420 28501
5605 5767 5686 5714 5795 5633 27700 27862 27781 28430 27863
5605 5767 5443 5461 5785 5623 27690 27852 27528 28167 27843
5605 5767 5686 5714 5795 5633 27673 27835 27430 27413 28466
5605 5767 5686 5714 5795 5633 27646 27808 27403 28043 28448
5605 5767 5443 5461 5785 5623 27684 27846 27765 27766 28495
5605 5767 5686 5714 5795 5633 27700 27862 27457 28088 27845
5605 5767 5686 5714 5795 5633 27700 27862 27781 28430 28511
5605 5767 5686 5714 5795 5633 27694 28504
5605 5767 5443 5461 5785 5623 27690 27852 27528 28167 28491
5605 5767 5443 5461 5785 5623 27657 27819 27495 28152 27828
5605 5767 5443 5461 5785 5623 27630 27792 27711 27712 28441
5605 5767 5686 5712 5793 5631 4348 4510 4753 30644 30401
5605 5767 6010 16427 16832 16022 30292 30454 30049 30680 31085
5605 5767 6010 16417 16822 16012 30282 30444 30120 30129 30453
5605 5767 5686 5712 5793 5631 4300 4462 4705 30672 31077
5605 5767 6010 16427 16832 16022 30238 31048
5605 5767 6010 16417 16822 16012 30255 30417 30093 30732 31056
5605 5767 5686 5712 5793 5631 4348 4510 4753 30626 31031
5605 5767 5686 5712 5793 5631 4348 4510 4753 30634 31039
5605 5767 6010 16417 16822 16012 30249 30411 30087 30051 31023
5605 5767 6010 16417 16822 16012 30249 30411 30087 30069 31041
5605 5767 5686 5712 5793 5631 4348 4510 4753 30626 30383
5605 5767 5686 5712 5793 5631 4300 4462 4705 30674 31079
5605 5767 6010 16417 16822 16012 30282 30444 30120 30129 31101
5605 5767 6010 16417 16822 16012 30249 30411 30087 30051 30375
5605 5767 6010 16427 16832 16022 30259 30421 30016 30647 30404
5605 5767 6010 16417 16822 16012 30255 30417 30093 30750 30426
5605 5767 6010 16427 16832 16022 30286 30448 30043 29972 31025
5605 5767 6010 16427 16832 16022 30259 30421 30340 30314 31043
5605 5767 6010 16427 16832 16022 30286 30448 30043 29972 30377
5605 5767 5686 5712 5793 5631 4348 4510 4753 30642 30399
5605 5767 6010 16427 16832 16022 30265 30427 30346 30995 30428
5605 5767 6010 16417 16822 16012 30282 30444 30039 30031 31084
5605 5767 6010 16417 16822 16012 30249 30411 30087 30744 31068
5605 5767 6010 16427 16832 16022 30265 30427 30022 30653 30410
5605 5767 5686 5712 5793 5631 4348 4510 4753 30624 31029
5605 5767 5686 5712 5793 5631 4348 4510 4753 30625 31030
5605 5767 6010 16427 16832 16022 30259 30421 30340 30989 31070
5605 5767 5686 5712 5793 5631 4348 4510 4753 30624 30381
5605 5767 5686 5712 5793 5631 4300 4462 4705 30673 31078
5605 5767 6010 16417 16822 16012 30249 30411 30087 30726 30402
5605 5767 5686 5712 5793 5631 4300 4462 4705 30690 30447
5605 5767 6010 16417 16822 16012 30249 30411 30006 29971 31024
5605 5767 6010 16427 16184 15995 30232 31042
5605 5767 6010 16427 16832 16022 30292 31102
5605 5767 5686 5712 5793 5631 4300 4462 4705 30692 30449
5605 5767 5686 5712 5793 5631 4300 4462 4705 30683 31088
5605 5767 6010 16417 16822 16012 30255 30417 30093 30732 30408
5605 5767 6010 16427 16832 16022 30265 30427 30346 30995 31076
5605 5767 6010 16417 16822 16012 30282 31092
5605 5767 5686 5712 5793 5631 4348 4510 4753 30644 31049
5605 5767 6010 16427 16832 16022 30292 30454 30049 30041 31094
5605 5767 6010 16417 16822 16012 30249 30411 30087 30726 31050
5605 5767 6010 16427 16832 16022 30259 30421 30340 30314 30395
5605 5767 6010 16417 16822 16012 30276 31086
5605 5767 5686 5712 5793 5631 4300 4462 4705 30690 31095
5605 5767 6010 16427 16832 16022 30259 30421 30016 30647 31052
5605 5767 6010 16417 16822 16012 30255 30417 30093 30750 31074
5605 5767 6010 16417 16174 15985 30222 31032
5605 5767 5686 5712 5793 5631 4300 4462 4705 30672 30429
5605 5767 5686 5712 5793 5631 4300 4462 4705 30692 31097
5605 5767 6010 16427 16832 16022 30259 30421 30016 29981 31034
5605 5767 6010 16427 16832 16022 30259 30421 30340 30989 30422
5605 5767 5686 5712 5793 5631 4348 4510 4753 30642 31047
5605 5767 6010 16417 16822 16012 30228 31038
5605 5767 5686 5712 5793 5631 4300 4462 4705 30674 30431
5605 5767 6010 16417 16822 16012 30249 30411 30087 30069 30393
5605 5767 6010 16417 16822 16012 30282 30444 30363 30364 31093
5605 5767 6010 16427 16832 16022 30292 30454 30373 30374 30455
5605 5767 6010 16417 16822 16012 30282 30444 30120 30111 30435
5605 5767 6010 16427 16832 16022 30265 30427 30022 30653 31058
5605 5767 5686 5712 5793 5631 4348 4510 4753 30635 31040
5605 5767 5686 5712 5793 5631 4300 4462 4705 30682 31087
5605 5767 6010 16427 16832 16022 30292 30454 30049 30680 30437
5605 5767 6010 16427 16832 16022 30292 30454 30373 30374 31103
5605 5767 6010 16427 16832 16022 30286 31096
5605 5767 6010 16417 16822 16012 30282 30444 30120 30111 31083
5605 5767 6010 16417 16822 16012 30249 30411 30087 30744 30420
5605 5767 6010 16417 16822 16012 30249 30411 30330 30304 31033
