11583 11259 11268 11592 10782 412 574 169 188 593
11583 11259 11268 11592 10782 466 628 547 548 1277
11583 11259 11268 11592 10782 466 628 223 240 645
11583 10611 10647 10971 10809 460 622 541 1188 1269
11583 11259 11268 11592 10782 412 574 250 916 1240
11583 10611 10647 10971 10809 439 601 520 519 1248
11583 11259 11268 11592 10782 412 574 493 494 1223
11583 11259 11268 11592 10782 412 574 250 259 1231
11583 11259 11268 11592 10782 406 568 487 1134 1215
11583 11259 11268 11592 10782 406 568 811 828 1233
11583 11259 11268 11592 10782 412 574 493 494 575
11583 10611 10647 10971 10809 460 622 541 1190 1271
11583 11259 11268 11592 10782 466 628 223 240 1293
11583 11259 11268 11592 10782 406 568 487 486 567
11583 10611 10647 10971 10809 433 595 514 515 596
11583 11259 11268 11592 10782 412 574 169 213 618
11583 11259 11268 11592 10782 406 568 487 1136 1217
11583 11178 11197 10954 10792 416 578 902 911 1235
11583 11259 11268 11592 10782 406 568 487 488 569
11583 11259 11268 11592 10782 412 574 169 186 591
11583 11259 11268 11592 10782 412 574 169 215 620
11583 11259 11268 11592 10782 466 1276
11583 10611 10647 10971 10809 433 595 190 855 1260
11583 10611 10647 10971 10809 439 601 520 521 602
11583 11259 11268 11592 10782 412 574 493 492 1221
11583 11259 11268 11592 10782 412 1222
11583 10530 10576 10981 10819 443 605 281 290 1262
11583 11259 11268 11592 10782 412 574 493 492 573
11583 10611 10647 10971 10809 460 1270
11583 10611 10647 10971 10809 433 595 514 513 594
11583 11259 11268 11592 10782 406 568 163 234 639
11583 11259 11268 11592 10782 406 1216
11583 11178 11197 10954 10792 416 578 821 829 1234
11583 11259 11268 11592 10782 466 628 952 970 1294
11583 10530 10603 11008 10846 470 632 308 317 641
11583 10530 10603 11008 10846 470 1280
11583 10611 10647 10971 10809 439 601 520 519 600
11583 10611 10647 10971 10809 439 601 196 863 1268
11583 11259 11268 11592 10782 466 628 871 879 1284
11583 11259 11268 11592 10782 412 574 817 836 1241
11583 11178 11197 10954 10792 476 1286
11583 10611 10647 10971 10809 433 595 514 513 1242
11583 11178 11197 10954 10792 416 578 254 263 587
11583 10611 10647 10971 10809 460 622 217 873 1278
11583 11259 11268 11592 10782 406 568 163 234 1287
11583 10611 10647 10971 10809 433 595 514 1163 1244
11583 10611 10647 10971 10809 439 601 196 861 1266
11583 11259 11268 11592 10782 406 568 811 819 1224
11583 10611 10647 10971 10809 433 595 514 540 621
11583 10530 10603 11008 10846 470 632 308 317 1289
11583 11178 11197 10954 10792 416 1226
11583 10530 10576 10981 10819 443 605 281 290 614
11583 11259 11268 11592 10782 412 574 817 834 1239
11583 11259 11268 11592 10782 412 574 817 825 1230
11583 10611 10647 10971 10809 433 595 514 542 623
11583 11259 11268 11592 10782 406 568 163 180 585
11583 11259 11268 11592 10782 466 628 304 313 1285
11583 11259 11268 11592 10782 466 628 223 242 647
11583 11259 11268 11592 10782 466 628 547 546 627
11583 10611 10647 10971 10809 439 601 520 521 1250
11583 11178 11197 10954 10792 422 1232
11583 10611 10647 10971 10809 460 622 946 955 1279
11583 11259 11268 11592 10782 466 628 547 548 629
11583 11259 11268 11592 10782 466 628 871 890 1295
11583 10530 10603 11008 10846 470 632 227 883 1288
11583 11259 11268 11592 10782 466 628 547 546 1275
11583 11259 11268 11592 10782 406 568 163 207 612
11583 11259 11268 11592 10782 406 568 244 901 1225
11583 10854 10882 10963 10801 26388 27198 26793 3428 3185
11583 10530 10593 11241 21561 21318 21156 3031 3193 3112 3140 3869
11583 10854 10882 10963 10801 26388 27198 26793 3426 2859 3237
11583 11502 11503 11584 10774 26340 26502 26745 3456 3861
11583 10854 10882 10963 10801 26388 27198 26793 3427 3832
11583 10854 10882 10963 10801 26388 27198 26793 3408 3084 3111 3840
11583 10854 10882 10963 10801 26388 27198 26793 3410 3815
11583 10854 10882 10963 10801 26388 27198 26793 3418 3823
11583 11502 11503 11584 10774 26340 26502 26745 3465 2898 2835 3807
11583 11502 11503 11584 10774 26340 26502 26745 3465 2817 2772 3825
11583 10854 10882 10963 10801 26388 27198 26793 3410 3167
11583 11502 11503 11584 10774 26340 26502 26745 3458 3863
11583 10854 10882 10963 10801 26388 27198 26793 3417 2850 2913 3885
11583 11502 11503 11584 10774 26340 26502 26745 3456 2889 3159
11583 11502 11503 11584 10774 26340 26502 26745 3458 2891 3188
11583 10854 10882 10963 10801 26388 27198 26793 3426 2859 3210
11583 11502 11503 11584 10774 26340 26502 26745 3467 2819 2756 3809
11583 11502 11503 11584 10774 26340 26502 26745 3467 2819 2774 3827
11583 11502 11503 11584 10774 26340 26502 26745 3458 2891 3161
11583 10854 10882 10963 10801 26388 27198 26793 3426 3183
11583 10854 10882 10963 10801 26388 27198 26793 3428 2780 3212
11583 10530 10593 11241 21561 21318 21183 3058 3868
11583 11502 11503 11584 10774 26340 26502 26745 3474 2907 2880 3852
11583 10854 10882 10963 10801 26388 27198 26793 3410 3086 3194
11583 10854 10882 10963 10801 26388 27198 26793 3408 3813
11583 10530 10593 11241 21561 21318 21156 3004 3814
11583 11502 11503 11584 10774 26340 26502 26745 3467 2900 2882 3854
11583 10854 10882 10963 10801 26388 27198 26793 3408 3165
11583 10530 10593 11241 21561 21318 21156 3052 3862
11583 11502 11503 11584 10774 26340 26502 26745 3456 2889 3186
11583 11502 11503 11584 10774 26340 26502 26745 3474 3231
11583 10530 10593 11241 21561 21318 21156 2998 3808
11583 11502 11503 11584 10774 26340 26502 26745 3474 3150 3097 3826
11583 10854 10882 10963 10801 26388 27198 26793 3417 2769 2833 3886
11583 11502 11503 11584 10774 26340 26502 26745 3476 3233
11583 10530 10603 11251 21571 21328 21166 3062 3872
11583 10854 10882 10963 10801 26388 27198 26793 3408 3165 3192
11583 10854 10882 10963 10801 26388 27198 26793 3419 2771 2807 3860
11583 10854 10882 10963 10801 26388 27198 26793 3417 2850 3228 3876
11583 10854 10882 10963 10801 26388 27198 26793 3428 3833
11583 10530 10603 11251 21571 21328 21193 3068 3878
11583 11502 11503 11584 10774 26340 26502 26745 3465 2898 2862 3834
11583 11502 11503 11584 10774 26340 26502 26745 3476 3233 3179
11583 11502 11503 11584 10774 26340 26502 26745 3465 3870
11583 11502 11503 11584 10774 26340 26502 26745 3474 3879
11583 11502 11503 11584 10774 26340 26502 26745 3458 2891 3188 3836
11583 10854 10882 10963 10801 26388 27198 26793 3426 2778 3129 3858
11583 11502 11503 11584 10774 26340 26502 26745 3465 2898 3168 3816
11583 11502 11503 11584 10774 26340 26502 26745 3456 3213
11583 11502 11503 11584 10774 26340 26502 26745 3476 3881
11583 10530 10603 11251 21571 21328 21166 3008 3818
11583 11502 11503 11584 10774 26340 26502 26745 3476 3233 3206
11583 10854 10882 10963 10801 26388 27198 26793 3426 3831
11583 10854 10882 10963 10801 26388 27198 26793 3417 3822
11583 11502 11503 11584 10774 26340 26502 26745 3458 3215
11583 11502 11503 11584 10774 26340 26502 26745 3474 2907 3177
11583 10854 10882 10963 10801 26388 27198 26793 3417 3093 3148 3877
11583 10854 10882 10963 10801 26388 27198 26793 3428 2861 3239
11583 10854 10882 10963 10801 26388 27198 26793 3408 3084 3219
11583 10854 10882 10963 10801 26388 27198 26793 3410 2762 2789 3842
11583 10530 10603 11251 21571 21328 21166 3014 3824
11583 11502 11503 11584 10774 26340 26502 26745 3466 3871
11583 10854 10882 10963 10801 26388 27198 26793 3410 3086 3221
11583 10854 10882 10963 10801 26388 27198 26793 3419 2852 2915 3887
11583 11502 11503 11584 10774 26340 26502 26745 3475 3880
11583 10854 10882 10963 10801 26388 27198 26793 3417 2850 2895 3867
11583 11502 11503 11584 10774 26340 26502 26745 3474 2907 3204
11583 11502 11503 11584 10774 26340 26502 26745 3465 2817 2764 3817
11583 11259 11268 11592 11430 11436 11598 11193 6042 5799
11583 11502 11503 11584 11422 11428 11590 11185 6026 5702 5756
11583 10854 10882 10963 10801 10807 10969 10564 11212 6051 6456
11583 11502 11503 11584 11422 11428 11590 11185 6024 5457 5430 6402
11583 10854 10882 10963 10801 10807 10969 10564 11212 6053 6458
11583 11502 11503 11584 11422 11428 11590 11185 6026 5783
11583 11502 11503 11584 11422 11428 11590 11185 6026 5702 5675 6404
11583 11259 11268 11592 11430 11436 11598 11193 6043 5719 5693 6422
11583 11502 11503 11584 11422 11428 11590 11185 6024 5457 5754
11583 11178 11188 11593 11431 11437 11599 11194 6044 6449
11583 11502 11503 11584 11422 11428 11590 11185 6024 5781
11583 10611 10647 10971 10809 10815 10977 10572 11220 6069 5826
11583 11259 11268 11592 11430 11436 11598 11193 6042 5718 5772 6420
11583 10530 10567 10972 10810 10816 10978 10573 11221 6071 5828
11583 11259 11268 11592 11430 11436 11598 11193 6042 6447
11583 11178 11188 11593 11431 11437 11599 11194 6044 5801 5774
11583 10611 10647 10971 10809 10815 10977 10572 11220 6069 6474
11583 11502 11503 11584 11422 11428 11590 11185 6026 6431
11583 10854 10882 10963 10801 10807 10969 10564 11212 6051 5808
11583 10530 10567 10972 10810 10816 10978 10573 11221 6071 6476
11583 11178 11188 11593 11431 11437 11599 11194 6044 5801
11583 10854 10882 10963 10801 10807 10969 10564 11212 6053 5810
11583 11259 11268 11592 11430 11436 11598 11193 6042 5718 5772
11583 11502 11503 11584 11422 11428 11590 11185 6024 6429
11583 11259 11268 11592 10782 412 574 817 7338 7095
11583 11259 11268 11592 10782 412 574 817 7322 6998 7052
11583 10611 10647 10971 10809 439 601 520 844 7347 7752
11583 11259 11268 11592 10782 412 574 817 7320 6996 6969 7698
11583 10611 10647 10971 10809 439 601 520 844 7349 7754
11583 11259 11268 11592 10782 412 574 817 7322 7079
11583 11259 11268 11592 10782 412 574 817 7321 6673 6647 7700
11583 11259 11268 11592 10782 412 574 817 7331 6683 6746 7718
11583 11259 11268 11592 10782 412 574 817 7320 6996 7050
11583 11259 11268 11592 10782 412 574 817 7340 7745
11583 11259 11268 11592 10782 412 574 817 7320 7077
11583 10611 10647 10971 10809 439 601 196 853 7365 7122
11583 11259 11268 11592 10782 412 574 817 7329 6681 6744 7716
11583 10611 10647 10971 10809 439 601 196 853 7367 7124
11583 11259 11268 11592 10782 412 574 817 7338 7743
11583 11259 11268 11592 10782 412 574 817 7331 6773 7070
11583 10611 10647 10971 10809 439 601 196 853 7365 7770
11583 11259 11268 11592 10782 412 574 817 7322 7727
11583 10611 10647 10971 10809 439 601 520 844 7347 7104
11583 10611 10647 10971 10809 439 601 196 853 7367 7772
11583 11259 11268 11592 10782 412 574 817 7340 7097
11583 10611 10647 10971 10809 439 601 520 844 7349 7106
11583 11259 11268 11592 10782 412 574 817 7329 6771 7068
11583 11259 11268 11592 10782 412 574 817 7320 7725
11583 11502 11503 11584 10774 26340 26502 26097 26089 26494 26332 23748 24558 24153 8634 8391
11583 11259 11268 11592 10782 412 574 169 177 582 420 23740 23902 24145 8618 8051 8348
11583 11259 11268 11592 10782 412 574 169 177 582 420 23767 23929 23524 24172 8643 9048
11583 11259 11268 11592 10782 412 574 817 29377 29782 28972 13401 13563 13239 13806 8589 8994
11583 11259 11268 11592 10782 412 574 169 177 582 420 23767 23929 23524 24172 8645 9050
11583 11259 11268 11592 10782 412 574 169 177 582 420 23740 23902 24145 8618 8375
11583 11502 11503 11584 10774 26340 26502 26745 3465 3870 3060 13393 13555 13150 13798 8591 8996
11583 11259 11268 11592 10782 412 574 817 29387 29792 28982 13411 13573 13492 13816 8609 9014
11583 11502 11503 11584 10774 26340 26502 26097 26089 26494 26332 23748 24558 24153 8616 8373 8346
11583 11502 11503 11584 10774 26340 26502 26421 26423 26504 26342 23758 24568 24163 8636 9041
11583 11502 11503 11584 10774 26340 26502 26097 26089 26494 26332 23748 24558 24153 8616 8373
11583 11502 11503 11584 10774 26340 26502 26097 26089 26494 26332 23775 23937 23613 24180 8661 8418
11583 11259 11268 11592 10782 412 574 817 29377 29782 28972 13401 13563 13239 13806 8607 9012
11583 11502 11503 11584 10774 26340 26502 26097 26089 26494 26332 23775 23937 23532 24190 8663 8420
11583 11502 11503 11584 10774 26340 26502 26097 26089 26494 26332 23748 24558 24153 8634 9039
11583 11259 11268 11592 10782 412 574 169 177 582 420 23740 23902 24145 8627 8069 8366
11583 11502 11503 11584 10774 26340 26502 26097 26089 26494 26332 23775 23937 23613 24180 8661 9066
11583 11259 11268 11592 10782 412 574 169 177 582 420 23740 23902 24145 8618 9023
11583 11259 11268 11592 10782 412 574 169 177 582 420 23767 23929 23524 24172 8643 8400
11583 11502 11503 11584 10774 26340 26502 26097 26089 26494 26332 23775 23937 23532 24190 8663 9068
11583 11502 11503 11584 10774 26340 26502 26421 26423 26504 26342 23758 24568 24163 8636 8393
11583 11259 11268 11592 10782 412 574 169 177 582 420 23767 23929 23524 24172 8645 8402
11583 11502 11503 11584 10774 26340 26502 26097 26089 26494 26332 23748 24558 24153 8634 8067 8364
11583 11502 11503 11584 10774 26340 26502 26097 26089 26494 26332 23748 24558 24153 8616 9021
11583 11502 11503 11584 10774 26340 26502 26745 9930 9687
11583 11502 11503 11584 10774 26340 26502 26745 9913 9590 9644
11583 10854 10882 10963 10801 26367 26529 26205 26772 9939 10344
11583 11502 11503 11584 10774 26340 26502 26745 9912 9264 9561 10290
11583 10854 10882 10963 10801 26367 26529 26124 26773 9941 10346
11583 11502 11503 11584 10774 26340 26502 26745 9914 9671
11583 11502 11503 11584 10774 26340 26502 26745 9913 9265 9563 10292
11583 11502 11503 11584 10774 26340 26502 26745 9931 9607 9581 10310
11583 11502 11503 11584 10774 26340 26502 26745 9912 9345 9642
11583 11502 11503 11584 10774 26340 26502 26745 9932 10337
11583 11502 11503 11584 10774 26340 26502 26745 9912 9669
11583 10854 10882 10963 10801 26367 26529 26205 26772 9957 9714
11583 11502 11503 11584 10774 26340 26502 26745 9921 9273 9255 10308
11583 10854 10882 10963 10801 26367 26529 26124 26773 9959 9716
11583 11502 11503 11584 10774 26340 26502 26745 9930 10335
11583 11502 11503 11584 10774 26340 26502 26745 9931 9608 9662
11583 10854 10882 10963 10801 26367 26529 26205 26772 9957 10362
11583 11502 11503 11584 10774 26340 26502 26745 9914 10319
11583 10854 10882 10963 10801 26367 26529 26205 26772 9939 9696
11583 10854 10882 10963 10801 26367 26529 26124 26773 9959 10364
11583 11502 11503 11584 10774 26340 26502 26745 9932 9689
11583 10854 10882 10963 10801 26367 26529 26124 26773 9941 9698
11583 11502 11503 11584 10774 26340 26502 26745 9930 9282 9660
11583 11502 11503 11584 10774 26340 26502 26745 9912 10317
11583 11178 11188 11593 11431 11437 11599 10546 10556 10961
11583 11502 11503 11584 10774 10834 10996 10915 10916 11645
11583 11259 11268 11592 10782 10842 11004 10680 10689 11013
11583 10935 10989 11637
11583 11178 11197 11602 11440 11446 11608
11583 10854 10882 10963 10801 10807 10969 10888 11535 11616
11583 11502 11503 11584 11422 11428 11590 11509 11510 11591
11583 11178 11188 11593 11431 11437 11599
11583 11259 11277 11601
11583 11502 11503 11584 11422 11428 11590 11509 10862 10943
11583 10854 10910 11639
11583 11259 11268 11592 10782 10842 11004 10680 10689 11661
11583 10935
11583 10854 10883 10964
11583 11259 11268 11592 10782 10788 10950 10626 10662 10986
11583 11502 11504 11585
11583 11178 11198 11603
11583 11502 11504 10937
11583 11259 11268 11592 11430 11436 11598 11274 10635 10959
11583 10530 10567 10972 10810 10816 10978 10573 10583 10988
11583 11502 11503 11584 10774 10834 11644
11583 10611 10656 11628
11583 11502 11503 11584 11422 10780 10942 10861 10889 10970
11583 11502 11503 11584 11422 11428 11590 11509 11508 11589
11583 11502 11503 11584 11422 11428 11590
11583 10530 10577 11630
11583 11502 11503 11584 11422 11428 11590 11509 10860 10941
11583 10854 10909 11638
11583 10935 10962
11583 10611 10683 11007
11583 11502 11503 11584
11583 11178 11197 11602
11583 11178 11197 10954 10792 10852 11662
11583 10530 10604 11009
11583 10530 10595 11648
11583 11502 11503 11584 11422 10780 10942 10861 10887 10968
11583 10530 10567 10972 10810 10816 10978 10573 11231 11636
11583 11259 11268 11592 10782 10842 11652
11583 11178 11188 11593 11431 11437 11599 11194 11204 11609
11583 11178 11189 10946 10784 10844 11654
11583 10935 10962 11610
11583 11178 11198 10955
11583 10611 10674 11646
11583 10611 10683 11655
11583 10854 10883 11612
11583 10611 10647 10971 10809 10815 10977 10653 11310 11634
11583 11259 11268 11592
11583 10935 10989
11583 10530 10604 11657
11583 11178 11189 11594
11583 10530 10577 10982
11583 11259 11268 11592 11430 11436 11598 11274 11283 11607
11583 11259 11268 11592 11430 11436 11598
11583 10854 10910 10991
11583 11259 11277 10953
11583 10530 10540 10945 10783 10843 11653
11583 10530 10540 10945 10783 10843 11005 10600 10610 11015
11583 11502 11503 11584 10774 10834 10996 10915 10914 10995
11583 10854 10882 10963 10801 10807 10969 10888 11537 11618
11583 11178 11189 11594 11432 11438 11600
11583 10530 10594 11647
11583 11502 11503 11584 10774 10834 10996 10915 10916 10997
11583 10530 10540 10945 10783 10843 11005 11248 11258 11663
11583 10530 10603 11656
11583 11502 11503 11584 10774 10834 10996 10915 11562 11643
11583 10611 10656 10980
11583 11178 11188 11593
11583 10611 10647 10971 10809 460 622 865 29339 29744 28934 13390 13552 13471 13472 13553
11583 10854 10882 10963 10801 26388 27198 26793 3417 3174 3012 13399 13561 13480 13508 14237
11583 10611 10647 10971 10809 460 622 865 29329 29086 28924 13407 13569 13245 13281 13605
11583 11502 11503 11584 10774 26340 26502 26745 3465 3870 3060 13420 13582 13501 13500 14229
11583 10611 10647 10971 10809 460 622 865 29339 29744 28934 13390 14200
11583 10611 10647 10971 10809 460 622 865 29329 29086 28924 13380 13542 13218 13236 14208
11583 10854 10882 10963 10801 26388 27198 26793 3417 3174 3012 13372 13534 13453 13454 14183
11583 10611 10647 10971 10809 460 622 865 29329 29086 28924 13380 13542 13461 13462 14191
11583 10611 10647 10971 10809 460 622 865 29329 29086 28924 13374 13536 13212 13203 14175
11583 10611 10647 10971 10809 460 622 865 29329 29086 28924 13374 13536 13212 13221 14193
11583 10854 10882 10963 10801 26388 27198 26793 3417 3174 3012 13372 13534 13453 13454 13535
11583 11502 11503 11584 10774 26340 26502 26745 3465 3870 3060 13420 13582 13501 13502 14231
11583 10611 10647 10971 10809 460 622 865 29329 29086 28924 13407 13569 13245 13281 14253
11583 10611 10647 10971 10809 460 622 865 29329 29086 28924 13374 13536 13212 13203 13527
11583 11502 11503 11584 10774 26340 26502 26745 3465 3870 3060 13420 13582 13501 13475 13556
11583 10611 10647 10971 10809 460 622 865 29329 29086 28924 13380 13542 13218 13254 13578
11583 11502 11503 11584 10774 26340 26502 26745 3465 3870 3060 13393 13555 13474 13448 14177
11583 10611 10647 10971 10809 460 622 865 29339 29744 28934 13384 14194 14113 14114 14195
11583 11502 11503 11584 10774 26340 26502 26745 3465 3870 3060 13393 13555 13474 13448 13529
11583 10611 10647 10971 10809 460 622 865 29329 29086 28924 13380 13542 13218 13227 13551
11583 10854 10882 10963 10801 26388 27198 26793 3427 3832 3022 13382 13544 13220 13256 13580
11583 10854 10882 10963 10801 26388 27198 26793 3417 3174 3039 13426 14236
11583 11259 11268 11592 10782 412 574 817 29377 29782 28972 13401 13563 13239 13896 14220
11583 10854 10882 10963 10801 26388 27198 26793 3417 3174 3012 13399 13561 13480 13481 13562
11583 10611 10647 10971 10809 460 622 865 29329 29086 28924 13380 13542 13218 13209 14181
11583 10854 10882 10963 10801 26388 27198 26793 3417 3174 3012 13372 14182
11583 11259 11268 11592 10782 412 574 817 29387 29792 28982 13411 13573 13492 13493 14222
11583 10611 10647 10971 10809 460 622 865 29329 29086 28924 13380 13542 13218 13209 13533
11583 11502 11503 11584 10774 26340 26502 26745 3465 3870 3060 13420 14230
11583 11259 11268 11592 10782 412 574 817 29377 29782 28972 13428 13590 13266 13230 13554
11583 11259 11268 11592 10782 412 574 817 29377 29782 28972 13428 13590 13266 13275 13599
11583 10854 10882 10963 10801 26388 27198 26793 3417 3174 3012 13366 14176
11583 10611 10647 10971 10809 460 622 865 29339 29744 28934 13384 14194
11583 10611 10647 10971 10809 460 622 865 29339 29096 28961 13444 14254
11583 11502 11503 11584 10774 26340 26502 26745 3475 3880 3070 13430 13592 13268 13277 13601
11583 11502 11503 11584 10774 26340 26502 26745 3475 3880 3070 13430 14240
11583 10611 10647 10971 10809 460 622 865 29329 29086 28924 13380 13542 13218 13236 13560
11583 10854 10882 10963 10801 26388 27198 26793 3427 3832 3022 13382 13544 13220 13256 14228
11583 10611 10647 10971 10809 460 622 865 29329 29086 28951 13434 14244
11583 10854 10882 10963 10801 26388 27198 26793 3427 3832 3022 13382 13544 13868 13877 14201
11583 10854 10882 10963 10801 26388 27198 26793 3427 3184 3049 13436 14246
11583 11259 11268 11592 10782 412 574 817 29377 29782 28972 13428 13590 13266 13230 14202
11583 10854 10882 10963 10801 26388 27198 26793 3427 3832 3022 13376 13538 13214 13223 13547
11583 11259 11268 11592 10782 412 574 817 29377 29782 28972 13428 14238
11583 11259 11268 11592 10782 412 574 817 29377 29782 28972 13428 13590 13266 13275 14247
11583 11502 11503 11584 10774 26340 26502 26745 3465 3870 3060 13420 13582 13501 13475 14204
11583 10611 10647 10971 10809 460 622 865 29329 29086 28924 13380 13542 13218 13254 14226
11583 10611 10647 10971 10809 460 622 865 29329 29086 28924 13374 14184
11583 11502 11503 11584 10774 26340 26502 26745 3465 3870 3060 13420 13582 13501 13500 13581
11583 11502 11503 11584 10774 26340 26502 26745 3475 3880 3070 13430 13592 13268 13277 14249
11583 10854 10882 10963 10801 26388 27198 26793 3427 3832 3022 13376 14186
11583 11259 11268 11592 10782 412 574 817 29387 29792 28982 13411 13573 13492 13493 13574
11583 10611 10647 10971 10809 460 622 865 29329 29086 28924 13380 13542 13218 13227 14199
11583 10611 10647 10971 10809 460 622 865 29329 29086 28924 13380 14190
11583 11502 11503 11584 10774 26340 26502 26745 3465 3870 3060 13420 13582 13501 13502 13583
11583 10611 10647 10971 10809 460 622 865 29329 29086 28924 13374 13536 13212 13221 13545
11583 10854 10882 10963 10801 26388 27198 26793 3417 3174 3012 13399 13561 13237 13273 14245
11583 10611 10647 10971 10809 460 622 865 29339 29744 28934 13417 13579 13498 13526 13607
11583 10854 10882 10963 10801 26388 27198 26793 3417 3174 3012 13399 13561 13480 13506 13587
11583 10854 10882 10963 10801 26388 27198 26793 3417 3174 3012 13399 13561 13480 13481 14210
11583 10854 10882 10963 10801 26388 27198 26793 3427 3832 3022 13382 14192
11583 11259 11268 11592 10782 412 574 817 29377 29782 28972 13428 14238 14157 14158 14239
11583 10854 10882 10963 10801 26388 27198 26793 3417 3174 3012 13399 13561 13480 13508 13589
11583 10611 10647 10971 10809 460 622 865 29339 29744 28934 13417 13579 13498 13526 14255
11583 11259 11268 11592 10782 412 574 817 29387 29792 28982 13438 14248
11583 10854 10882 10963 10801 26388 27198 26793 3417 3174 3012 13399 13561 13480 13506 14235
11583 11259 11268 11592 10782 412 574 817 29377 29782 28972 13428 13590 13266 13248 13572
11583 11502 11503 11584 10774 26340 26502 26745 3465 3870 3060 13393 13555 13231 13213 14185
11583 10530 10602 11250 16410 16167
11583 10854 10882 11206 16367 16124
11583 10935 10881 11205 16365 15717 16095 16824
11583 10935 10881 11205 16365 16770
11583 10935 10881 11205 16365 15717 15773 16826
11583 10530 10586 11234 16394 16151
11583 10854 10882 11206 16367 16772
11583 10530 10567 11215 16385 16790
11583 10935 10881 11205 16365 16122
11583 10530 10604 11252 16412 16817
11583 10935 10989 11232 16392 16149
11583 10611 10647 11214 16383 15816 16194
11583 10611 10647 11214 16383 16788
11583 10530 10567 11215 16385 15737 16196
11583 10530 10602 11250 16410 16815
11583 10530 10567 11215 16385 16142
11583 10935 10881 11205 16365 15717 15789 16842
11583 10530 10586 11234 16394 16799
11583 10935 10881 11205 16365 15717 16176
11583 10935 10881 11205 16365 15717 15791 16844
11583 10530 10604 11252 16412 16169
11583 10854 10882 11206 16367 15719 16178
11583 10611 10647 11214 16383 16140
11583 10935 10989 11232 16392 16797
11583 10854 10882 10963 10801 26388 27198 26793 17706 17463
11583 10854 10882 10963 10801 26361 26523 26118 26758 17663 17420
11583 10854 10882 10963 10801 26388 27198 26793 17688 17040 17148 18120
11583 10854 10882 10963 10801 26361 26523 26199 26766 17661 18066
11583 10854 10882 10963 10801 26388 27198 26793 17689 17041 17393 18122
11583 10854 10882 10963 10801 26388 27198 26793 17690 17447
11583 10854 10882 10963 10801 26361 26523 26118 26758 17663 18068
11583 10854 10882 10963 10801 26361 26523 26118 26776 17681 18086
11583 10854 10882 10963 10801 26361 26523 26199 26766 17661 17418
11583 10530 10595 11000 10838 26398 26560 26803 17708 18113
11583 10854 10882 10963 10801 26388 27198 26793 17688 17445
11583 10854 10882 10963 10801 26388 27198 26793 17706 17382 17490
11583 10854 10882 10963 10801 26361 26523 26199 26766 17679 18084
11583 10854 10882 10963 10801 26388 27198 26793 17707 17384 17492
11583 10854 10882 10963 10801 26388 27198 26793 17706 18111
11583 10854 10882 10963 10801 26361 26523 26118 26776 17681 17438
11583 10854 10882 10963 10801 26388 27198 26793 17706 17382 17409 18138
11583 10854 10882 10963 10801 26388 27198 26793 17690 18095
11583 10854 10882 10963 10801 26388 27198 26793 17688 17040 17472
11583 10854 10882 10963 10801 26388 27198 26793 17707 17383 17411 18140
11583 10530 10595 11000 10838 26398 26560 26803 17708 17465
11583 10854 10882 10963 10801 26388 27198 26793 17689 17366 17474
11583 10854 10882 10963 10801 26361 26523 26199 26766 17679 17436
11583 10854 10882 10963 10801 26388 27198 26793 17688 18093
11583 10854 10882 10963 10801 26361 26523 26118 26137 26542 26380 23796 23958 24201 19002 18759
11583 11259 11268 11592 10782 406 568 163 171 576 414 23761 23923 23842 24166 18959 18716
11583 10854 10882 10963 10801 26388 27198 26793 3417 3174 3012 13399 13561 13480 13804 19011 19416
11583 11259 11268 11592 10782 406 568 163 171 576 414 23761 23923 23842 24166 18957 19362
11583 10854 10882 10963 10801 26388 27198 26793 3417 3174 3012 13399 13561 13480 13804 19013 19418
11583 10611 10647 10971 10809 433 595 190 225 630 468 23788 23950 24193 18986 18743
11583 11259 11268 11592 10782 406 568 163 171 576 414 23761 23923 23842 24166 18959 19364
11583 11502 11503 11584 10774 26334 26496 26091 26083 26488 26326 23769 23931 23526 24184 18977 19382
11583 11259 11268 11592 10782 406 568 163 171 576 414 23761 23923 23842 24166 18957 18714
11583 10530 10595 11000 10838 26398 26560 26155 26147 26552 26390 23806 23968 24211 19004 19409
11583 10854 10882 10963 10801 26361 26523 26118 26137 26542 26380 23796 23958 24201 18984 18741
11583 10854 10882 10963 10801 26361 26523 26118 26137 26542 26380 23796 23958 24201 19002 18759 18786
11583 11502 11503 11584 10774 26334 26496 26091 26083 26488 26326 23769 23931 23526 24174 18975 19380
11583 10854 10882 10963 10801 26361 26523 26118 26137 26542 26380 23796 23958 24201 19003 18680 18788
11583 10854 10882 10963 10801 26361 26523 26118 26137 26542 26380 23796 23958 24201 19002 19407
11583 11502 11503 11584 10774 26334 26496 26091 26083 26488 26326 23769 23931 23526 24184 18977 18734
11583 10611 10647 10971 10809 460 622 865 29329 29086 28924 13407 13569 13245 13812 19029 19434
11583 10611 10647 10971 10809 433 595 190 225 630 468 23788 23950 24193 18986 19391
11583 10854 10882 10963 10801 26361 26523 26118 26137 26542 26380 23796 23958 24201 18984 18417 18768
11583 10854 10882 10963 10801 26388 27198 26793 3427 3832 3022 13409 13571 13166 13814 19031 19436
11583 10530 10595 11000 10838 26398 26560 26155 26147 26552 26390 23806 23968 24211 19004 18761
11583 10611 10647 10971 10809 433 595 190 225 630 468 23788 23950 24193 18986 18419 18770
11583 11502 11503 11584 10774 26334 26496 26091 26083 26488 26326 23769 23931 23526 24174 18975 18732
11583 10854 10882 10963 10801 26361 26523 26118 26137 26542 26380 23796 23958 24201 18984 19389
11583 10611 10647 10971 10809 460 622 865 20298 20055
11583 10611 10647 10971 10809 433 595 514 838 20255 20012
11583 10611 10647 10971 10809 460 622 865 20280 19956 19983 20712
11583 10611 10647 10971 10809 433 595 514 838 20253 20658
11583 10611 10647 10971 10809 460 622 865 20282 19958 19985 20714
11583 10611 10647 10971 10809 460 622 865 20282 20039
11583 10611 10647 10971 10809 433 595 514 838 20255 20660
11583 10611 10647 10971 10809 433 595 190 847 20273 20678
11583 10611 10647 10971 10809 433 595 514 838 20253 20010
11583 10530 10603 11008 10846 470 1280 875 20300 20705
11583 10611 10647 10971 10809 460 622 865 20280 20037
11583 10611 10647 10971 10809 460 622 865 20289 19731 20082
11583 10611 10647 10971 10809 433 595 190 847 20271 20676
11583 10611 10647 10971 10809 460 622 865 20291 19733 20084
11583 10611 10647 10971 10809 460 622 865 20298 20703
11583 10611 10647 10971 10809 433 595 190 847 20273 20030
11583 10611 10647 10971 10809 460 622 865 20289 19641 19758 20730
11583 10611 10647 10971 10809 460 622 865 20282 20687
11583 10611 10647 10971 10809 460 622 865 20280 19956 20064
11583 10611 10647 10971 10809 460 622 865 20291 19643 19760 20732
11583 10530 10603 11008 10846 470 1280 875 20300 20057
11583 10611 10647 10971 10809 460 622 865 20282 19958 20066
11583 10611 10647 10971 10809 433 595 190 847 20271 20028
11583 10611 10647 10971 10809 460 622 865 20280 20685
11583 10530 10602 11250 21572 21329
11583 10530 10586 11234 21554 21311 21365 22013
11583 10530 10602 11250 21570 21003 21381
11583 11502 11503 11584 11422 11428 11590 11185 21600 22005
11583 10530 10603 11251 21571 21976
11583 10935 10989 11232 21552 21228 21336 21984
11583 10530 10586 11234 21554 21959
11583 10530 10594 11242 21562 21967
11583 11502 11503 11584 11422 11428 11590 11185 21600 21276 21222 21951
11583 11259 11268 11592 11430 11436 11598 11193 21618 21294 21240 21969
11583 10530 10586 11234 21554 21311
11583 11502 11503 11584 11422 11428 11590 11185 21602 22007
11583 10530 10602 11250 21570 20922 20976 22029
11583 11502 11503 11584 11422 11428 11590 11185 21600 21276 21303
11583 11502 11503 11584 11422 11428 11590 11185 21602 21035 21332
11583 10530 10602 11250 21570 21003 21354
11583 11502 11503 11584 11422 11428 11590 11185 21601 21277 21224 21953
11583 11259 11268 11592 11430 11436 11598 11193 21618 20970 20918 21971
11583 11502 11503 11584 11422 11428 11590 11185 21602 21035 21305
11583 10530 10602 11250 21570 21327
11583 10530 10602 11250 21572 21329 21356
11583 10854 10909 11233 21553 20905 21283 22012
11583 11259 11268 11592 11430 11436 11598 11193 21618 21294 21267 21996
11583 10530 10586 11234 21554 21311 21338
11583 10935 10989 11232 21552 21957
11583 10854 10909 11233 21553 21958
11583 11502 11503 11584 11422 11428 11590 11185 21620 20972 20945 21998
11583 10935 10989 11232 21552 21309
11583 10854 10909 11233 21553 21310 21148 21196 22006
11583 11502 11503 11584 11422 11428 11590 11185 21600 21276 21330
11583 11259 11268 11592 11430 11436 11598 11193 21618 21375
11583 10854 10909 11233 21553 21958 21796 21790 21952
11583 10530 10603 11251 21571 21976 21814 21808 21970
11583 10854 10909 11233 21553 20905 21058 22030
11583 11502 11503 11584 11422 11428 11590 11185 21620 21377
11583 10530 10595 11243 21563 21968 21158 21206 22016
11583 10935 10989 11232 21552 21228 21336
11583 10530 10602 11250 21572 21005 21032 22004
11583 10530 10593 11241 21561 20913 21291 22020
11583 10530 10602 11250 21572 21977
11583 10530 10595 11243 21563 20996 21374 22022
11583 11259 11268 11592 11430 11436 11598 11193 21609 20961 20925 21978
11583 11502 11503 11584 11422 11428 11590 11185 21620 21296 21323
11583 10530 10593 11241 21561 21318 21156 21204 22014
11583 11259 11268 11592 11430 11436 11598 11193 21618 22023
11583 11502 11503 11584 11422 11428 11590 11185 21602 21278 21251 21980
11583 10530 10602 11250 21570 20922 21273 22002
11583 10530 10593 11241 21561 21966 21804 21798 21960
11583 11502 11503 11584 11422 11428 11590 11185 21600 21357
11583 11502 11503 11584 11422 11428 11590 11185 21620 22025
11583 10530 10595 11243 21563 21968 21806 21800 21962
11583 11502 11503 11584 11422 11428 11590 11185 21620 21377 21350
11583 10530 10602 11250 21570 21975
11583 10530 10593 11241 21561 21966
11583 11502 11503 11584 11422 11428 11590 11185 21602 21359
11583 11259 11268 11592 11430 11436 11598 11193 21618 21294 21321
11583 10530 10594 11242 21562 21319 21373 22021
11583 10530 10602 11250 21572 21329 21383
11583 10935 10989 11232 21552 20904 21363
11583 10530 10586 11234 21554 20987 21014 21986
11583 10530 10595 11243 21563 21968
11583 10530 10594 11242 21562 21319 21157 21205 22015
11583 10530 10586 11234 21554 21311 21365
11583 10530 10602 11250 21572 21329 21383 22031
11583 10530 10603 11251 21571 21328 21166 21214 22024
11583 10935 10989 11232 21552 20904 21363 22011
11583 11259 11268 11592 11430 11436 11598 11193 21618 21375 21348
11583 10530 10594 11242 21562 21967 21805 21799 21961
11583 11259 11268 11592 10782 412 574 250 268 592 430 23750 23912 23588 23597 23921
11583 11259 11268 11592 10782 466 628 223 231 636 474 23794 23956 23875 23876 24605
11583 11502 11503 11584 10774 26394 26556 26151 26143 26548 26386 23802 23964 23640 23649 23973
11583 10611 10647 10971 10809 433 595 190 225 630 468 23788 23950 24517 24516 24597
11583 11502 11503 11584 10774 26340 26502 26421 26423 26504 26342 23758 24568
11583 11259 11268 11592 10782 412 574 169 177 582 420 23767 23929 23848 23847 24576
11583 11259 11268 11592 10782 412 574 169 177 582 420 23740 23902 24469 24470 24551
11583 11502 11503 11584 10774 26340 26502 26097 26089 26494 26332 23748 24558 24477 24478 24559
11583 11259 11268 11592 10782 406 568 163 171 576 414 23734 23896 23815 23814 24543
11583 11502 11503 11584 10774 26334 26496 26091 26083 26488 26326 23742 23904 23580 23589 24561
11583 11259 11268 11592 10782 412 574 169 177 582 420 23740 23902 23821 23822 23903
11583 10611 10647 10971 10809 433 595 190 225 630 468 23788 23950 24517 24518 24599
11583 11502 11503 11584 10774 26394 26556 26151 26143 26548 26386 23802 23964 23640 23649 24621
11583 11259 11268 11592 10782 406 568 163 171 576 414 23734 23896 23815 23814 23895
11583 11259 11268 11592 10782 406 568 163 171 576 414 23761 23923 23842 23843 23924
11583 11502 11503 11584 10774 26340 26502 26097 26089 26494 26332 23775 23937 23613 23622 23946
11583 11259 11268 11592 10782 406 568 163 171 576 414 23734 23896 23815 23816 24545
11583 11178 11189 10946 10784 26344 26506 26101 26093 26498 26336 23752 24562 24481 24482 24563
11583 11259 11268 11592 10782 406 568 163 171 576 414 23734 23896 23815 23816 23897
11583 11502 11503 11584 10774 26340 26502 26097 26089 26494 26332 23748 23910 23586 23595 23919
11583 10854 10882 10963 10801 26367 26529 26448 26450 26531 26369 23785 23947 23866 23867 23948
11583 11259 11268 11592 10782 466 628 223 231 636 474 23794 24604
11583 11502 11503 11584 10774 26334 26496 26091 26083 26488 26326 23769 23931 23607 23616 24588
11583 11259 11268 11592 10782 412 574 169 177 582 420 23767 23929 23848 23849 23930
11583 11259 11268 11592 10782 412 574 169 177 582 420 23740 23902 24469 24468 24549
11583 11259 11268 11592 10782 412 574 169 177 582 420 23740 24550
11583 11178 11189 10946 10784 26344 26506 26101 26120 26525 26363 23779 23941 23860 23861 24590
11583 11259 11268 11592 10782 412 574 169 177 582 420 23740 23902 23821 23820 23901
11583 10611 10647 10971 10809 433 595 190 225 630 468 23788 24598
11583 11259 11268 11592 10782 406 568 163 171 576 414 23761 23923 23842 23841 23922
11583 10854 10882 10963 10801 26361 26523 26118 26137 26542 26380 23796 23958 23634 23643 23967
11583 11259 11268 11592 10782 406 568 163 171 576 414 23734 24544
11583 11178 11189 10946 10784 26344 26506 26101 26093 26498 26336 23752 24562
11583 11502 11503 11584 10774 26394 26556 26475 26477 26558 26396 23812 24622
11583 10530 10595 11000 10838 26398 26560 26155 26147 26552 26390 23806 23968 23887 23888 23969
11583 10530 10603 11008 10846 470 632 227 235 640 478 23798 24608
11583 11259 11268 11592 10782 412 574 169 177 582 420 23767 23929 23848 23847 23928
11583 10854 10882 10963 10801 26367 26529 26448 26450 26531 26369 23785 23947 23866 23867 24596
11583 11502 11503 11584 10774 26394 26556 26151 26143 26548 26386 23802 24612
11583 11502 11503 11584 10774 26340 26502 26421 26423 26504 26342 23758 24568 24487 24488 24569
11583 11259 11268 11592 10782 412 574 250 322 646 484 23804 24614
11583 11259 11268 11592 10782 406 568 163 171 576 414 23761 23923 23842 23841 24570
11583 11178 11197 10954 10792 416 578 173 181 586 424 23744 23906 23582 23591 23915
11583 10854 10882 10963 10801 26361 26523 26118 26137 26542 26380 23796 24606
11583 10854 10882 10963 10801 26361 26523 26118 26137 26542 26380 23796 23958 23634 23643 24615
11583 11259 11268 11592 10782 406 568 163 171 576 414 23761 23923 23842 23843 24572
11583 11502 11503 11584 10774 26340 26502 26097 26089 26494 26332 23775 23937 23613 23622 24594
11583 11502 11503 11584 10774 26334 26496 26091 26083 26488 26326 23742 24552
11583 10611 10647 10971 10809 433 595 190 225 630 468 23788 23950 23869 23868 23949
11583 10530 10595 11000 10838 26398 26560 26155 26147 26552 26390 23806 23968 23887 23888 24617
11583 11178 11197 10954 10792 416 578 173 181 586 424 23744 24554
11583 11178 11189 10946 10784 26344 26506 26101 26120 26525 26363 23779 23941 23860 23861 23942
11583 11502 11503 11584 10774 26340 26502 26097 26089 26494 26332 23748 24558 24234 24243 24567
11583 11502 11503 11584 10774 26340 26502 26097 26089 26494 26332 23748 24558
11583 10611 10647 10971 10809 433 595 190 225 630 468 23788 23950 23869 23870 23951
11583 11502 11503 11584 10774 26334 26496 26091 26083 26488 26326 23742 23904 23580 23589 23913
11583 11259 11268 11592 10782 466 628 223 231 636 474 23794 23956 23632 23641 24613
11583 11259 11268 11592 10782 412 574 250 322 646 484 23804 23966 23642 23651 23975
11583 11502 11503 11584 10774 26394 26556 26151 26143 26548 26386 23802 23964 23640 23631 23955
11583 11259 11268 11592 10782 412 574 169 177 582 420 23767 23929 23848 23849 24578
11583 11259 11268 11592 10782 412 574 250 268 592 430 23750 24560
11583 10611 10647 10971 10809 433 595 190 225 630 468 23788 23950 24274 24283 24607
11583 11259 11268 11592 10782 466 628 223 231 636 474 23794 23956 23875 23876 23957
11583 11259 11268 11592 10782 412 574 250 322 646 484 23804 23966 23642 23651 24623
11583 10530 10595 11000 10838 26398 26560 26155 26147 26552 26390 23806 24616
11583 11502 11503 11584 10774 26394 26556 26151 26143 26548 26386 23802 23964 23640 23631 24603
11583 11502 11503 11584 10774 26334 26496 26091 26083 26488 26326 23769 23931 23607 23616 23940
11583 11502 11503 11584 10774 26334 26496 26091 26083 26488 26326 23742 24552 24471 24472 24553
11583 11502 11503 11584 10774 26340 26502 26097 26108 26513
11583 11502 11503 11584 10774 26394 26556 26151 26144 27197
11583 11502 11503 11584 10774 26394 26556 26232 26241 26565
11583 10854 10882 10963 10801 26361 26523 26199 26217 27189
11583 11178 11189 10946 10784 26350 27160
11583 10854 10882 10963 10801 26367 26529 26205 26196 27168
11583 11502 11503 11584 10774 26340 26502 26745 26738 27143
11583 11502 11503 11584 10774 26340 26502 26421 27070 27151
11583 11502 11503 11584 10774 26334 26496 26172 26811 27135
11583 11502 11503 11584 10774 26334 26496 26172 26829 27153
11583 11502 11503 11584 10774 26340 26502 26097 26090 26495
11583 11502 11503 11584 10774 26334 26496 26091 26138 27191
11583 11502 11503 11584 10774 26394 26556 26232 26241 27213
11583 11502 11503 11584 10774 26334 26496 26172 26163 26487
11583 10854 10882 10963 10801 26361 26523 26118 26111 26516
11583 10854 10882 10963 10801 26367 26529 26205 26214 26538
11583 11502 11503 11584 10774 26334 26496 26739 26732 27137
11583 11178 11189 10946 10784 26344 26506 27073 27074 27155
11583 11502 11503 11584 10774 26334 26496 26091 26084 26489
11583 11502 11503 11584 10774 26340 26502 26178 26187 26511
11583 10854 10882 10963 10801 26367 26529 26124 26135 26540
11583 11502 11503 11584 10774 26394 26556 26151 26791 27196
11583 10854 10882 10963 10801 26361 26523 26199 26856 27180
11583 10854 10882 10963 10801 26367 26529 26124 26117 26522
11583 11502 11503 11584 10774 26340 26502 26178 26817 27141
11583 11502 11503 11584 10774 26340 26502 26745 26737 27142
11583 11178 11189 10946 10784 26371 26533 26452 26453 27182
11583 11502 11503 11584 10774 26340 26502 26178 26169 26493
11583 10854 10882 10963 10801 26361 26523 26118 26137 27190
11583 10854 10882 10963 10801 26361 26523 26199 26190 26514
11583 10854 10882 10963 10801 26361 26523 26199 26235 26559
11583 11502 11503 11584 10774 26334 26496 26739 26731 27136
11583 11178 11189 10946 10784 26344 27154
11583 11178 11189 10946 10784 26404 27214
11583 10530 10595 11000 10838 26398 26560 26479 26480 26561
11583 10530 10595 11000 10838 26398 26560 26155 26795 27200
11583 10854 10882 10963 10801 26367 26529 26205 26196 26520
11583 10854 10882 10963 10801 26367 26529 26124 26783 27188
11583 11502 11503 11584 10774 26394 27204
11583 11502 11503 11584 10774 26340 26502 26745 26756 27161
11583 11502 11503 11584 10774 26394 26556 27123 27125 27206
11583 10854 10882 10963 10801 26361 26523 26199 26838 27162
11583 11178 11189 10946 10784 26344 26506 26425 26426 26507
11583 10854 10882 10963 10801 26388 27198
11583 10854 10882 10963 10801 26388 27198 26874 26883 27207
11583 10854 10882 10963 10801 26361 26523 26118 26759 27164
11583 10854 10882 10963 10801 26367 26529 26205 26214 27186
11583 11502 11503 11584 10774 26334 27144
11583 10854 10882 10963 10801 26361 26523 26199 26217 26541
11583 10530 10595 11000 10838 26398 26560 26479 26480 27209
11583 11178 11189 10946 10784 26344 26506 26101 26741 27146
11583 11178 11189 10946 10784 26371 26533 26452 26453 26534
11583 11502 11503 11584 10774 26340 26502 26178 26187 27159
11583 11502 11503 11584 10774 26340 27150
11583 11502 11503 11584 10774 26334 26496 26091 26138 26543
11583 11502 11503 11584 10774 26334 26496 26172 26181 26505
11583 11502 11503 11584 10774 26394 26556 26475 26476 27205
11583 11502 11503 11584 10774 26394 26556 26151 26162 26567
11583 11502 11503 11584 10774 26394 26556 26232 26223 26547
11583 10854 10882 10963 10801 26367 26529 26124 26765 27170
11583 11502 11503 11584 10774 26340 26502 26421 27071 27152
11583 10854 10882 10963 10801 26361 26523 26442 26470 27199
11583 11502 11503 11584 10774 26394 26556 26151 26144 26549
11583 11502 11503 11584 10774 26394 26556 26151 26162 27215
11583 10530 10595 11000 10838 26398 27208
11583 11502 11503 11584 10774 26394 26556 26880 26871 27195
11583 10854 10882 10963 10801 26361 26523 26199 26208 26532
11583 11502 11503 11584 10774 26334 26496 26415 27064 27145
11583 10611 10647 10971 10809 460 622 865 29348 29105
11583 10611 10647 10971 10809 460 622 865 29329 29005 29060 29789
11583 10611 10647 10971 10809 460 622 865 29346 28779 29157
11583 11259 11268 11592 10782 412 574 817 29376 29781
11583 10530 10595 11243 21563 21968 21158 28942 29752
11583 10611 10647 10971 10809 460 622 865 29328 28680 29031 29760
11583 10611 10647 10971 10809 460 622 865 29330 29735
11583 10611 10647 10971 10809 460 622 865 29338 29743
11583 11259 11268 11592 10782 412 574 817 29377 28729 28674 29727
11583 11259 11268 11592 10782 412 574 817 29395 28747 28692 29745
11583 10611 10647 10971 10809 460 622 865 29330 29087
11583 11259 11268 11592 10782 412 574 817 29378 29783
11583 10854 10909 11233 21553 21310 21148 28959 29121 28797 28833 29805
11583 11259 11268 11592 10782 412 574 817 29376 29133 29079
11583 11259 11268 11592 10782 412 574 817 29378 29135 29108
11583 10611 10647 10971 10809 460 622 865 29346 28698 29130
11583 11259 11268 11592 10782 412 574 817 29377 29053 29000 29729
11583 11259 11268 11592 10782 412 574 817 29395 28747 29018 29747
11583 11259 11268 11592 10782 412 574 817 29378 29135 29081
11583 10611 10647 10971 10809 460 622 865 29346 29103
11583 10611 10647 10971 10809 460 622 865 29348 28781 29132
11583 10611 10647 10971 10809 460 622 865 29329 28762 28816 29788
11583 11259 11268 11592 10782 412 574 817 29394 28827 28800 29772
11583 10611 10647 10971 10809 460 622 865 29330 28763 29114
11583 10611 10647 10971 10809 460 622 865 29328 29733
11583 10611 10647 10971 10809 460 622 865 29329 29734
11583 11259 11268 11592 10782 412 574 817 29396 28829 29126 29774
11583 10611 10647 10971 10809 460 622 865 29328 29085
11583 11259 11268 11592 10782 412 574 817 29377 29782
11583 11259 11268 11592 10782 412 574 817 29376 29133 29106
11583 11259 11268 11592 10782 412 574 817 29394 29151
11583 11259 11268 11592 10782 412 574 817 29377 28729 28675 29728
11583 10530 10595 11243 21563 21968 21158 28936 29746
11583 10530 10595 11243 21563 21320 21185 28996 29806
11583 11259 11268 11592 10782 412 574 817 29396 29153
11583 11259 11268 11592 10782 412 574 817 29387 29792
11583 10611 10647 10971 10809 460 622 865 29328 28680 29112
11583 10611 10647 10971 10809 460 622 865 29347 28699 28727 29780
11583 10854 10909 11233 21553 21310 21175 28986 29796
11583 10611 10647 10971 10809 460 622 865 29348 29753
11583 10611 10647 10971 10809 460 622 865 29338 29014 29069 29798
11583 11259 11268 11592 10782 412 574 817 29377 29053 29025 29754
11583 11259 11268 11592 10782 412 574 817 29396 28829 29099
11583 10854 10909 11233 21553 21310 21148 28980 29790
11583 11259 11268 11592 10782 412 574 817 29394 29799
11583 11259 11268 11592 10782 412 574 817 29378 29135 29108 29756
11583 10611 10647 10971 10809 460 622 865 29346 28698 29049 29778
11583 10854 10909 11233 21553 21310 21148 28926 29736
11583 11259 11268 11592 10782 412 574 817 29376 29133
11583 11259 11268 11592 10782 412 574 817 29396 29801
11583 11259 11268 11592 10782 412 574 817 29386 29062 29009 29738
11583 11259 11268 11592 10782 412 574 817 29396 28829 29126
11583 10611 10647 10971 10809 460 622 865 29346 29751
11583 10854 10909 11233 21553 21310 21148 28932 29742
11583 11259 11268 11592 10782 412 574 817 29378 29135
11583 11259 11268 11592 10782 412 574 817 29394 28827 29097
11583 10611 10647 10971 10809 460 622 865 29329 28762 28825 29797
11583 10611 10647 10971 10809 460 622 865 29348 28781 29159
11583 10611 10647 10971 10809 460 622 865 29328 29004 29139
11583 10611 10647 10971 10809 460 622 865 29329 28681 29033 29762
11583 10611 10647 10971 10809 460 622 865 29339 29744
11583 11259 11268 11592 10782 412 574 817 29386 29791
11583 10611 10647 10971 10809 460 622 865 29330 28763 29141
11583 10611 10647 10971 10809 460 622 865 29347 29023 29078 29807
11583 10530 10595 11243 21563 21968 21158 28990 29800
11583 10611 10647 10971 10809 460 622 865 29329 29005 29058 29787
11583 11259 11268 11592 10782 412 574 817 29394 28827 29124
11583 11259 11268 11592 10782 412 574 817 29377 28729 28684 29737
